Time(Local),Production,Consumption
31.12.2020 23:00:00 +01:00,20933.36,16431.01
01.01.2021 00:00:00 +01:00,21258.85,16477.79
01.01.2021 01:00:00 +01:00,20715.48,16409.94
01.01.2021 02:00:00 +01:00,19872.04,16205.15
01.01.2021 03:00:00 +01:00,19506.39,16072.02
01.01.2021 04:00:00 +01:00,19570.46,16018.51
01.01.2021 05:00:00 +01:00,19984.55,16190.55
01.01.2021 06:00:00 +01:00,20869.89,16587.60
01.01.2021 07:00:00 +01:00,21844.74,16912.02
01.01.2021 08:00:00 +01:00,22418.49,17265.31
01.01.2021 09:00:00 +01:00,22934.21,17602.60
01.01.2021 10:00:00 +01:00,23513.69,17962.75
01.01.2021 11:00:00 +01:00,24218.66,18265.89
01.01.2021 12:00:00 +01:00,24560.00,18431.78
01.01.2021 13:00:00 +01:00,24744.28,18481.57
01.01.2021 14:00:00 +01:00,25063.90,18562.75
01.01.2021 15:00:00 +01:00,25499.51,18799.65
01.01.2021 16:00:00 +01:00,25688.87,19086.18
01.01.2021 17:00:00 +01:00,25681.97,19033.66
01.01.2021 18:00:00 +01:00,25472.56,18850.62
01.01.2021 19:00:00 +01:00,25112.16,18569.20
01.01.2021 20:00:00 +01:00,24543.46,18249.52
01.01.2021 21:00:00 +01:00,24385.90,17851.87
01.01.2021 22:00:00 +01:00,23849.72,17506.77
01.01.2021 23:00:00 +01:00,23158.68,17188.58
02.01.2021 00:00:00 +01:00,22176.81,16804.43
02.01.2021 01:00:00 +01:00,21111.86,16480.36
02.01.2021 02:00:00 +01:00,20647.74,16266.26
02.01.2021 03:00:00 +01:00,20374.33,16156.91
02.01.2021 04:00:00 +01:00,20688.66,16160.27
02.01.2021 05:00:00 +01:00,21094.83,16277.44
02.01.2021 06:00:00 +01:00,21626.93,16515.98
02.01.2021 07:00:00 +01:00,22545.96,16888.14
02.01.2021 08:00:00 +01:00,23519.06,17390.56
02.01.2021 09:00:00 +01:00,24105.27,17862.29
02.01.2021 10:00:00 +01:00,24401.79,18347.36
02.01.2021 11:00:00 +01:00,24906.18,18618.95
02.01.2021 12:00:00 +01:00,24748.96,18637.81
02.01.2021 13:00:00 +01:00,24828.29,18633.35
02.01.2021 14:00:00 +01:00,24974.64,15869.54
02.01.2021 15:00:00 +01:00,25477.82,11975.15
02.01.2021 16:00:00 +01:00,26046.73,15408.12
02.01.2021 17:00:00 +01:00,26328.73,8391.32
02.01.2021 18:00:00 +01:00,26479.70,12520.94
02.01.2021 19:00:00 +01:00,25827.09,19042.42
02.01.2021 20:00:00 +01:00,24868.80,18617.71
02.01.2021 21:00:00 +01:00,24563.11,18241.67
02.01.2021 22:00:00 +01:00,24013.64,17882.89
02.01.2021 23:00:00 +01:00,23250.26,17473.15
03.01.2021 00:00:00 +01:00,22527.61,17052.56
03.01.2021 01:00:00 +01:00,21234.92,16458.44
03.01.2021 02:00:00 +01:00,20385.06,16534.88
03.01.2021 03:00:00 +01:00,20085.10,16444.86
03.01.2021 04:00:00 +01:00,20120.28,16145.58
03.01.2021 05:00:00 +01:00,20304.63,16578.54
03.01.2021 06:00:00 +01:00,20455.25,16565.97
03.01.2021 07:00:00 +01:00,21095.83,17216.00
03.01.2021 08:00:00 +01:00,21963.84,17600.45
03.01.2021 09:00:00 +01:00,22773.91,17855.70
03.01.2021 10:00:00 +01:00,23135.46,18609.59
03.01.2021 11:00:00 +01:00,23293.23,18774.59
03.01.2021 12:00:00 +01:00,22937.89,18801.98
03.01.2021 13:00:00 +01:00,22562.06,18668.08
03.01.2021 14:00:00 +01:00,22726.55,18851.11
03.01.2021 15:00:00 +01:00,23510.10,19363.28
03.01.2021 16:00:00 +01:00,24755.68,19948.19
03.01.2021 17:00:00 +01:00,24989.20,20118.17
03.01.2021 18:00:00 +01:00,24591.07,20061.01
03.01.2021 19:00:00 +01:00,24335.11,19936.80
03.01.2021 20:00:00 +01:00,23729.22,19791.81
03.01.2021 21:00:00 +01:00,23288.83,19547.07
03.01.2021 22:00:00 +01:00,22688.21,19147.36
03.01.2021 23:00:00 +01:00,21056.25,18641.61
04.01.2021 00:00:00 +01:00,19025.06,18200.54
04.01.2021 01:00:00 +01:00,18431.21,17935.08
04.01.2021 02:00:00 +01:00,18123.46,17768.54
04.01.2021 03:00:00 +01:00,18285.14,17724.66
04.01.2021 04:00:00 +01:00,18894.43,17859.55
04.01.2021 05:00:00 +01:00,20696.32,18310.49
04.01.2021 06:00:00 +01:00,22906.02,19457.54
04.01.2021 07:00:00 +01:00,25238.51,20839.01
04.01.2021 08:00:00 +01:00,26256.53,21511.49
04.01.2021 09:00:00 +01:00,26623.54,21716.86
04.01.2021 10:00:00 +01:00,26793.39,21677.95
04.01.2021 11:00:00 +01:00,26753.18,21509.06
04.01.2021 12:00:00 +01:00,26521.22,21324.82
04.01.2021 13:00:00 +01:00,26546.35,21322.27
04.01.2021 14:00:00 +01:00,26486.30,18844.86
04.01.2021 15:00:00 +01:00,26537.42,21159.03
04.01.2021 16:00:00 +01:00,26752.29,21877.44
04.01.2021 17:00:00 +01:00,26706.69,21383.09
04.01.2021 18:00:00 +01:00,26350.50,21479.72
04.01.2021 19:00:00 +01:00,26497.82,21218.29
04.01.2021 20:00:00 +01:00,26243.92,20957.83
04.01.2021 21:00:00 +01:00,25670.01,20534.29
04.01.2021 22:00:00 +01:00,24676.43,19876.70
04.01.2021 23:00:00 +01:00,23160.04,19236.36
05.01.2021 00:00:00 +01:00,22046.18,18620.40
05.01.2021 01:00:00 +01:00,21950.16,18254.10
05.01.2021 02:00:00 +01:00,21602.61,18055.11
05.01.2021 03:00:00 +01:00,21601.33,17998.97
05.01.2021 04:00:00 +01:00,22121.66,18171.04
05.01.2021 05:00:00 +01:00,22874.61,18547.71
05.01.2021 06:00:00 +01:00,24393.49,19658.79
05.01.2021 07:00:00 +01:00,25756.82,21011.75
05.01.2021 08:00:00 +01:00,25951.57,21682.42
05.01.2021 09:00:00 +01:00,26223.95,21787.15
05.01.2021 10:00:00 +01:00,26322.21,21167.65
05.01.2021 11:00:00 +01:00,26229.11,21455.23
05.01.2021 12:00:00 +01:00,26260.64,21827.93
05.01.2021 13:00:00 +01:00,26317.07,21777.25
05.01.2021 14:00:00 +01:00,26138.35,21881.27
05.01.2021 15:00:00 +01:00,26191.06,22086.67
05.01.2021 16:00:00 +01:00,26396.33,22398.60
05.01.2021 17:00:00 +01:00,26428.64,22240.98
05.01.2021 18:00:00 +01:00,26306.78,22024.15
05.01.2021 19:00:00 +01:00,26494.27,21372.58
05.01.2021 20:00:00 +01:00,26229.76,21448.10
05.01.2021 21:00:00 +01:00,25598.03,21085.58
05.01.2021 22:00:00 +01:00,24846.60,20570.40
05.01.2021 23:00:00 +01:00,23647.48,19886.92
06.01.2021 00:00:00 +01:00,22271.55,19278.66
06.01.2021 01:00:00 +01:00,21891.83,18956.79
06.01.2021 02:00:00 +01:00,21610.94,18837.38
06.01.2021 03:00:00 +01:00,21670.13,18764.34
06.01.2021 04:00:00 +01:00,21859.65,18865.34
06.01.2021 05:00:00 +01:00,22432.55,19334.99
06.01.2021 06:00:00 +01:00,23527.87,20446.12
06.01.2021 07:00:00 +01:00,25021.20,21576.02
06.01.2021 08:00:00 +01:00,25358.42,22618.87
06.01.2021 09:00:00 +01:00,25708.94,22707.81
06.01.2021 10:00:00 +01:00,25792.39,22701.63
06.01.2021 11:00:00 +01:00,25863.98,22607.91
06.01.2021 12:00:00 +01:00,25952.49,22513.47
06.01.2021 13:00:00 +01:00,25891.31,22507.81
06.01.2021 14:00:00 +01:00,25978.16,22508.29
06.01.2021 15:00:00 +01:00,26170.16,22699.42
06.01.2021 16:00:00 +01:00,26193.55,22950.07
06.01.2021 17:00:00 +01:00,26276.62,22673.70
06.01.2021 18:00:00 +01:00,26437.75,22388.45
06.01.2021 19:00:00 +01:00,26606.06,21354.20
06.01.2021 20:00:00 +01:00,26596.18,21722.67
06.01.2021 21:00:00 +01:00,26034.30,21353.56
06.01.2021 22:00:00 +01:00,25714.56,20758.18
06.01.2021 23:00:00 +01:00,24908.47,20066.36
07.01.2021 00:00:00 +01:00,23935.83,19459.72
07.01.2021 01:00:00 +01:00,23826.93,19094.90
07.01.2021 02:00:00 +01:00,23612.64,18921.42
07.01.2021 03:00:00 +01:00,23742.09,18877.13
07.01.2021 04:00:00 +01:00,24098.19,18957.73
07.01.2021 05:00:00 +01:00,24621.31,19304.47
07.01.2021 06:00:00 +01:00,25512.04,20471.95
07.01.2021 07:00:00 +01:00,25933.15,21873.45
07.01.2021 08:00:00 +01:00,26315.87,22427.36
07.01.2021 09:00:00 +01:00,26771.19,22440.33
07.01.2021 10:00:00 +01:00,26868.33,22322.08
07.01.2021 11:00:00 +01:00,26941.27,21909.69
07.01.2021 12:00:00 +01:00,26914.12,21473.59
07.01.2021 13:00:00 +01:00,26699.00,18049.32
07.01.2021 14:00:00 +01:00,26640.38,22110.44
07.01.2021 15:00:00 +01:00,26474.24,22334.25
07.01.2021 16:00:00 +01:00,26241.99,22604.96
07.01.2021 17:00:00 +01:00,26009.16,22398.22
07.01.2021 18:00:00 +01:00,25780.49,22024.56
07.01.2021 19:00:00 +01:00,25892.30,21392.88
07.01.2021 20:00:00 +01:00,25722.10,20376.35
07.01.2021 21:00:00 +01:00,25921.37,18624.70
07.01.2021 22:00:00 +01:00,25496.72,17751.36
07.01.2021 23:00:00 +01:00,24834.83,19533.68
08.01.2021 00:00:00 +01:00,23035.69,19310.91
08.01.2021 01:00:00 +01:00,22655.79,18987.77
08.01.2021 02:00:00 +01:00,22658.16,18815.44
08.01.2021 03:00:00 +01:00,22624.59,18812.03
08.01.2021 04:00:00 +01:00,22767.83,18917.79
08.01.2021 05:00:00 +01:00,23286.78,19351.59
08.01.2021 06:00:00 +01:00,24599.95,20319.89
08.01.2021 07:00:00 +01:00,25607.06,21407.83
08.01.2021 08:00:00 +01:00,26024.71,22031.16
08.01.2021 09:00:00 +01:00,25985.88,22465.39
08.01.2021 10:00:00 +01:00,26155.81,22320.61
08.01.2021 11:00:00 +01:00,26390.94,22236.41
08.01.2021 12:00:00 +01:00,26475.62,21765.49
08.01.2021 13:00:00 +01:00,26023.50,21997.78
08.01.2021 14:00:00 +01:00,26000.64,21884.26
08.01.2021 15:00:00 +01:00,25800.00,21872.87
08.01.2021 16:00:00 +01:00,25880.37,22073.88
08.01.2021 17:00:00 +01:00,26067.35,21961.48
08.01.2021 18:00:00 +01:00,25725.10,21788.78
08.01.2021 19:00:00 +01:00,25490.74,21471.75
08.01.2021 20:00:00 +01:00,25044.52,20751.44
08.01.2021 21:00:00 +01:00,24545.02,20359.52
08.01.2021 22:00:00 +01:00,23830.62,20192.31
08.01.2021 23:00:00 +01:00,23208.04,19688.52
09.01.2021 00:00:00 +01:00,23252.73,19290.80
09.01.2021 01:00:00 +01:00,23147.74,18949.56
09.01.2021 02:00:00 +01:00,22999.56,18737.66
09.01.2021 03:00:00 +01:00,23292.58,18657.46
09.01.2021 04:00:00 +01:00,23392.69,18656.11
09.01.2021 05:00:00 +01:00,23381.79,18723.54
09.01.2021 06:00:00 +01:00,23845.25,18959.43
09.01.2021 07:00:00 +01:00,24514.32,19374.67
09.01.2021 08:00:00 +01:00,25327.69,19934.89
09.01.2021 09:00:00 +01:00,25885.01,20504.89
09.01.2021 10:00:00 +01:00,26519.85,20862.07
09.01.2021 11:00:00 +01:00,26777.49,20885.70
09.01.2021 12:00:00 +01:00,26617.25,20857.42
09.01.2021 13:00:00 +01:00,26656.88,20733.36
09.01.2021 14:00:00 +01:00,26721.96,20786.44
09.01.2021 15:00:00 +01:00,26764.84,20983.84
09.01.2021 16:00:00 +01:00,26928.49,21257.07
09.01.2021 17:00:00 +01:00,26983.68,21262.91
09.01.2021 18:00:00 +01:00,27025.55,21144.43
09.01.2021 19:00:00 +01:00,27134.04,20860.01
09.01.2021 20:00:00 +01:00,26508.85,20474.64
09.01.2021 21:00:00 +01:00,25475.00,19873.25
09.01.2021 22:00:00 +01:00,24184.84,19374.30
09.01.2021 23:00:00 +01:00,23391.04,18890.56
10.01.2021 00:00:00 +01:00,23105.05,18395.50
10.01.2021 01:00:00 +01:00,22103.31,17911.80
10.01.2021 02:00:00 +01:00,21279.12,17676.27
10.01.2021 03:00:00 +01:00,20770.92,17587.18
10.01.2021 04:00:00 +01:00,20551.60,17558.76
10.01.2021 05:00:00 +01:00,20754.64,17711.59
10.01.2021 06:00:00 +01:00,20903.27,18020.36
10.01.2021 07:00:00 +01:00,21933.45,18412.35
10.01.2021 08:00:00 +01:00,22765.53,18848.00
10.01.2021 09:00:00 +01:00,23732.02,19398.44
10.01.2021 10:00:00 +01:00,24748.13,19827.07
10.01.2021 11:00:00 +01:00,24913.44,19991.31
10.01.2021 12:00:00 +01:00,24733.29,19903.35
10.01.2021 13:00:00 +01:00,24765.78,19801.14
10.01.2021 14:00:00 +01:00,24953.19,19923.44
10.01.2021 15:00:00 +01:00,25547.97,20242.37
10.01.2021 16:00:00 +01:00,26087.81,20718.78
10.01.2021 17:00:00 +01:00,26143.31,20812.16
10.01.2021 18:00:00 +01:00,26138.18,20691.35
10.01.2021 19:00:00 +01:00,26076.46,20540.72
10.01.2021 20:00:00 +01:00,25678.82,20360.50
10.01.2021 21:00:00 +01:00,25242.12,20011.05
10.01.2021 22:00:00 +01:00,23793.90,19513.35
10.01.2021 23:00:00 +01:00,22153.20,18974.20
11.01.2021 00:00:00 +01:00,22136.60,18445.83
11.01.2021 01:00:00 +01:00,22004.00,18146.88
11.01.2021 02:00:00 +01:00,21317.54,18052.50
11.01.2021 03:00:00 +01:00,20573.64,18050.97
11.01.2021 04:00:00 +01:00,21104.08,18214.82
11.01.2021 05:00:00 +01:00,22322.63,18011.93
11.01.2021 06:00:00 +01:00,24059.30,19790.37
11.01.2021 07:00:00 +01:00,25485.17,20840.97
11.01.2021 08:00:00 +01:00,25949.08,21841.51
11.01.2021 09:00:00 +01:00,26031.46,21902.86
11.01.2021 10:00:00 +01:00,26156.05,21831.20
11.01.2021 11:00:00 +01:00,25865.84,21793.96
11.01.2021 12:00:00 +01:00,25719.21,21727.37
11.01.2021 13:00:00 +01:00,25240.76,21801.98
11.01.2021 14:00:00 +01:00,24987.68,21736.36
11.01.2021 15:00:00 +01:00,25279.94,21824.66
11.01.2021 16:00:00 +01:00,25516.03,22161.45
11.01.2021 17:00:00 +01:00,25792.81,21992.89
11.01.2021 18:00:00 +01:00,25054.91,21723.35
11.01.2021 19:00:00 +01:00,23665.88,21510.99
11.01.2021 20:00:00 +01:00,22122.90,21272.51
11.01.2021 21:00:00 +01:00,21106.38,20939.34
11.01.2021 22:00:00 +01:00,19690.41,20446.68
11.01.2021 23:00:00 +01:00,17121.05,19879.56
12.01.2021 00:00:00 +01:00,14656.07,19373.25
12.01.2021 01:00:00 +01:00,14002.84,19079.58
12.01.2021 02:00:00 +01:00,13865.25,18980.24
12.01.2021 03:00:00 +01:00,15116.42,18933.59
12.01.2021 04:00:00 +01:00,17193.70,19027.84
12.01.2021 05:00:00 +01:00,21060.14,19403.07
12.01.2021 06:00:00 +01:00,24141.57,20485.10
12.01.2021 07:00:00 +01:00,25911.66,21898.03
12.01.2021 08:00:00 +01:00,26310.81,22487.39
12.01.2021 09:00:00 +01:00,26591.57,22478.70
12.01.2021 10:00:00 +01:00,26191.23,21569.01
12.01.2021 11:00:00 +01:00,26670.58,22204.52
12.01.2021 12:00:00 +01:00,26132.00,20943.17
12.01.2021 13:00:00 +01:00,25928.34,18275.80
12.01.2021 14:00:00 +01:00,25799.49,21945.58
12.01.2021 15:00:00 +01:00,25816.31,21674.42
12.01.2021 16:00:00 +01:00,25648.49,22254.90
12.01.2021 17:00:00 +01:00,25608.66,19840.13
12.01.2021 18:00:00 +01:00,25581.58,21364.64
12.01.2021 19:00:00 +01:00,25284.60,20362.63
12.01.2021 20:00:00 +01:00,24699.38,21114.34
12.01.2021 21:00:00 +01:00,23909.97,20674.87
12.01.2021 22:00:00 +01:00,22832.72,20112.55
12.01.2021 23:00:00 +01:00,21533.66,19522.78
13.01.2021 00:00:00 +01:00,20049.47,18895.54
13.01.2021 01:00:00 +01:00,19526.09,18567.16
13.01.2021 02:00:00 +01:00,19203.17,18088.12
13.01.2021 03:00:00 +01:00,19039.27,18158.88
13.01.2021 04:00:00 +01:00,19240.72,18601.70
13.01.2021 05:00:00 +01:00,21407.49,18970.83
13.01.2021 06:00:00 +01:00,23756.79,20205.75
13.01.2021 07:00:00 +01:00,25295.70,21628.28
13.01.2021 08:00:00 +01:00,25525.44,22254.61
13.01.2021 09:00:00 +01:00,25407.71,21914.41
13.01.2021 10:00:00 +01:00,25189.34,22214.00
13.01.2021 11:00:00 +01:00,25090.05,20202.67
13.01.2021 12:00:00 +01:00,24078.33,20254.03
13.01.2021 13:00:00 +01:00,23885.52,21934.20
13.01.2021 14:00:00 +01:00,23146.66,21978.45
13.01.2021 15:00:00 +01:00,23380.93,22146.78
13.01.2021 16:00:00 +01:00,24391.71,22458.94
13.01.2021 17:00:00 +01:00,25595.20,22336.63
13.01.2021 18:00:00 +01:00,25137.10,22116.21
13.01.2021 19:00:00 +01:00,24686.03,21858.03
13.01.2021 20:00:00 +01:00,24267.55,21644.12
13.01.2021 21:00:00 +01:00,23262.94,21317.31
13.01.2021 22:00:00 +01:00,22014.83,20837.23
13.01.2021 23:00:00 +01:00,20490.08,20229.31
14.01.2021 00:00:00 +01:00,19560.53,19652.41
14.01.2021 01:00:00 +01:00,18587.37,19424.50
14.01.2021 02:00:00 +01:00,18610.12,19233.78
14.01.2021 03:00:00 +01:00,19909.03,19193.98
14.01.2021 04:00:00 +01:00,20842.06,19341.26
14.01.2021 05:00:00 +01:00,22370.55,19737.68
14.01.2021 06:00:00 +01:00,24301.32,20908.64
14.01.2021 07:00:00 +01:00,25451.51,22280.07
14.01.2021 08:00:00 +01:00,25498.55,22888.74
14.01.2021 09:00:00 +01:00,25444.75,22092.48
14.01.2021 10:00:00 +01:00,25582.90,21991.85
14.01.2021 11:00:00 +01:00,25617.67,19576.48
14.01.2021 12:00:00 +01:00,25730.97,17498.52
14.01.2021 13:00:00 +01:00,25653.94,21825.79
14.01.2021 14:00:00 +01:00,25391.71,22437.93
14.01.2021 15:00:00 +01:00,25407.00,22551.70
14.01.2021 16:00:00 +01:00,25439.88,22763.59
14.01.2021 17:00:00 +01:00,25438.01,22679.72
14.01.2021 18:00:00 +01:00,25235.19,22414.96
14.01.2021 19:00:00 +01:00,25398.26,22203.68
14.01.2021 20:00:00 +01:00,25277.29,22000.05
14.01.2021 21:00:00 +01:00,25281.95,21648.03
14.01.2021 22:00:00 +01:00,25098.46,21113.41
14.01.2021 23:00:00 +01:00,24674.86,20474.47
15.01.2021 00:00:00 +01:00,24171.43,19947.22
15.01.2021 01:00:00 +01:00,24053.36,19712.18
15.01.2021 02:00:00 +01:00,24091.83,19596.99
15.01.2021 03:00:00 +01:00,24042.61,19658.13
15.01.2021 04:00:00 +01:00,24332.67,19469.51
15.01.2021 05:00:00 +01:00,24552.63,20162.47
15.01.2021 06:00:00 +01:00,24722.49,21313.64
15.01.2021 07:00:00 +01:00,25382.34,22430.54
15.01.2021 08:00:00 +01:00,25674.96,23481.18
15.01.2021 09:00:00 +01:00,25611.85,23434.45
15.01.2021 10:00:00 +01:00,25557.29,23269.55
15.01.2021 11:00:00 +01:00,25279.37,23124.32
15.01.2021 12:00:00 +01:00,25066.97,22825.22
15.01.2021 13:00:00 +01:00,24486.81,22496.30
15.01.2021 14:00:00 +01:00,24114.21,22388.46
15.01.2021 15:00:00 +01:00,24027.45,22400.14
15.01.2021 16:00:00 +01:00,24330.77,22734.31
15.01.2021 17:00:00 +01:00,24685.73,22861.54
15.01.2021 18:00:00 +01:00,24498.86,22772.63
15.01.2021 19:00:00 +01:00,23982.43,22482.87
15.01.2021 20:00:00 +01:00,23431.67,21987.87
15.01.2021 21:00:00 +01:00,23393.14,21505.70
15.01.2021 22:00:00 +01:00,23715.45,20992.49
15.01.2021 23:00:00 +01:00,23571.85,20393.95
16.01.2021 00:00:00 +01:00,22636.70,20067.58
16.01.2021 01:00:00 +01:00,22710.32,19764.10
16.01.2021 02:00:00 +01:00,22971.74,19504.21
16.01.2021 03:00:00 +01:00,23032.03,19502.50
16.01.2021 04:00:00 +01:00,23254.64,19095.53
16.01.2021 05:00:00 +01:00,23569.31,19465.55
16.01.2021 06:00:00 +01:00,24136.31,19764.42
16.01.2021 07:00:00 +01:00,25142.16,20205.71
16.01.2021 08:00:00 +01:00,25908.09,20909.58
16.01.2021 09:00:00 +01:00,26529.69,21169.77
16.01.2021 10:00:00 +01:00,26782.26,21557.84
16.01.2021 11:00:00 +01:00,26658.60,22004.83
16.01.2021 12:00:00 +01:00,26599.09,20955.53
16.01.2021 13:00:00 +01:00,26287.22,21538.96
16.01.2021 14:00:00 +01:00,25971.66,21445.01
16.01.2021 15:00:00 +01:00,26541.10,21587.68
16.01.2021 16:00:00 +01:00,27367.07,22045.79
16.01.2021 17:00:00 +01:00,27675.48,22290.67
16.01.2021 18:00:00 +01:00,27521.78,22270.85
16.01.2021 19:00:00 +01:00,27210.57,22005.50
16.01.2021 20:00:00 +01:00,26554.63,21540.27
16.01.2021 21:00:00 +01:00,26313.67,20989.39
16.01.2021 22:00:00 +01:00,25616.86,20603.21
16.01.2021 23:00:00 +01:00,25066.70,19757.19
17.01.2021 00:00:00 +01:00,24305.40,19330.52
17.01.2021 01:00:00 +01:00,24018.63,18971.35
17.01.2021 02:00:00 +01:00,23790.64,18755.65
17.01.2021 03:00:00 +01:00,23880.00,18997.43
17.01.2021 04:00:00 +01:00,23879.38,18998.80
17.01.2021 05:00:00 +01:00,23787.87,18712.28
17.01.2021 06:00:00 +01:00,23876.47,19280.26
17.01.2021 07:00:00 +01:00,24249.38,19538.07
17.01.2021 08:00:00 +01:00,25213.44,19986.60
17.01.2021 09:00:00 +01:00,25677.79,20467.83
17.01.2021 10:00:00 +01:00,26035.63,20831.69
17.01.2021 11:00:00 +01:00,26109.22,20993.51
17.01.2021 12:00:00 +01:00,26000.45,20247.08
17.01.2021 13:00:00 +01:00,25936.96,20875.26
17.01.2021 14:00:00 +01:00,25734.84,20934.21
17.01.2021 15:00:00 +01:00,25870.73,21140.65
17.01.2021 16:00:00 +01:00,25916.54,21485.61
17.01.2021 17:00:00 +01:00,25791.41,21567.67
17.01.2021 18:00:00 +01:00,25830.34,21368.63
17.01.2021 19:00:00 +01:00,25722.60,21101.94
17.01.2021 20:00:00 +01:00,25101.66,14593.67
17.01.2021 21:00:00 +01:00,24743.63,19801.17
17.01.2021 22:00:00 +01:00,24634.22,19953.34
17.01.2021 23:00:00 +01:00,24035.55,19445.81
18.01.2021 00:00:00 +01:00,23400.18,18909.99
18.01.2021 01:00:00 +01:00,23327.04,18606.25
18.01.2021 02:00:00 +01:00,23243.92,18472.42
18.01.2021 03:00:00 +01:00,23090.38,18465.21
18.01.2021 04:00:00 +01:00,23292.99,18511.41
18.01.2021 05:00:00 +01:00,23880.27,18882.54
18.01.2021 06:00:00 +01:00,25371.78,20029.83
18.01.2021 07:00:00 +01:00,26193.74,20036.68
18.01.2021 08:00:00 +01:00,26632.63,22200.94
18.01.2021 09:00:00 +01:00,26666.97,22132.47
18.01.2021 10:00:00 +01:00,26650.74,21988.22
18.01.2021 11:00:00 +01:00,26529.50,21984.49
18.01.2021 12:00:00 +01:00,26249.67,21814.02
18.01.2021 13:00:00 +01:00,26174.86,21914.88
18.01.2021 14:00:00 +01:00,26262.85,21563.15
18.01.2021 15:00:00 +01:00,26087.33,21984.42
18.01.2021 16:00:00 +01:00,26163.25,21394.88
18.01.2021 17:00:00 +01:00,26215.85,21979.00
18.01.2021 18:00:00 +01:00,25821.30,21277.06
18.01.2021 19:00:00 +01:00,25577.21,21308.77
18.01.2021 20:00:00 +01:00,24905.55,20996.37
18.01.2021 21:00:00 +01:00,24369.22,20627.16
18.01.2021 22:00:00 +01:00,23356.63,19983.57
18.01.2021 23:00:00 +01:00,21272.77,19297.40
19.01.2021 00:00:00 +01:00,20735.32,18682.58
19.01.2021 01:00:00 +01:00,20277.36,18377.39
19.01.2021 02:00:00 +01:00,19841.98,18271.78
19.01.2021 03:00:00 +01:00,20202.70,18202.78
19.01.2021 04:00:00 +01:00,20810.92,18286.21
19.01.2021 05:00:00 +01:00,21939.18,18611.06
19.01.2021 06:00:00 +01:00,23550.64,19834.42
19.01.2021 07:00:00 +01:00,25477.40,21222.70
19.01.2021 08:00:00 +01:00,26105.56,21747.01
19.01.2021 09:00:00 +01:00,25776.44,21613.21
19.01.2021 10:00:00 +01:00,26261.53,21215.46
19.01.2021 11:00:00 +01:00,26481.36,21168.52
19.01.2021 12:00:00 +01:00,26521.21,21494.22
19.01.2021 13:00:00 +01:00,26470.16,21397.50
19.01.2021 14:00:00 +01:00,26294.92,21010.34
19.01.2021 15:00:00 +01:00,26093.50,21511.46
19.01.2021 16:00:00 +01:00,26180.37,21707.58
19.01.2021 17:00:00 +01:00,26519.60,21602.77
19.01.2021 18:00:00 +01:00,26562.73,21360.30
19.01.2021 19:00:00 +01:00,26157.78,21112.74
19.01.2021 20:00:00 +01:00,24436.12,20805.40
19.01.2021 21:00:00 +01:00,23261.00,20407.43
19.01.2021 22:00:00 +01:00,21680.46,19752.19
19.01.2021 23:00:00 +01:00,19302.25,19074.98
20.01.2021 00:00:00 +01:00,17780.28,18465.47
20.01.2021 01:00:00 +01:00,16933.77,18085.47
20.01.2021 02:00:00 +01:00,16247.02,17905.45
20.01.2021 03:00:00 +01:00,16246.18,17882.41
20.01.2021 04:00:00 +01:00,17046.76,17930.47
20.01.2021 05:00:00 +01:00,18578.66,18282.34
20.01.2021 06:00:00 +01:00,21631.82,19458.67
20.01.2021 07:00:00 +01:00,25216.90,20923.73
20.01.2021 08:00:00 +01:00,26148.43,21381.75
20.01.2021 09:00:00 +01:00,25839.27,21323.01
20.01.2021 10:00:00 +01:00,25685.20,21248.54
20.01.2021 11:00:00 +01:00,25541.05,20860.67
20.01.2021 12:00:00 +01:00,25255.53,21125.11
20.01.2021 13:00:00 +01:00,24940.26,20758.21
20.01.2021 14:00:00 +01:00,24630.68,21142.25
20.01.2021 15:00:00 +01:00,25152.12,20924.71
20.01.2021 16:00:00 +01:00,25939.82,21501.85
20.01.2021 17:00:00 +01:00,26365.49,21296.25
20.01.2021 18:00:00 +01:00,25886.79,20921.36
20.01.2021 19:00:00 +01:00,24835.56,20714.76
20.01.2021 20:00:00 +01:00,22812.66,20405.97
20.01.2021 21:00:00 +01:00,20745.21,19979.65
20.01.2021 22:00:00 +01:00,18617.89,19400.01
20.01.2021 23:00:00 +01:00,15907.96,18612.80
21.01.2021 00:00:00 +01:00,14837.34,18004.21
21.01.2021 01:00:00 +01:00,13520.70,17569.48
21.01.2021 02:00:00 +01:00,13013.23,17420.32
21.01.2021 03:00:00 +01:00,12728.82,17307.69
21.01.2021 04:00:00 +01:00,13079.95,17386.98
21.01.2021 05:00:00 +01:00,14609.14,17697.51
21.01.2021 06:00:00 +01:00,17114.38,18778.85
21.01.2021 07:00:00 +01:00,20805.23,20158.48
21.01.2021 08:00:00 +01:00,22135.19,20721.00
21.01.2021 09:00:00 +01:00,21352.84,19012.64
21.01.2021 10:00:00 +01:00,20943.28,17647.92
21.01.2021 11:00:00 +01:00,20764.67,18310.90
21.01.2021 12:00:00 +01:00,20323.42,18214.92
21.01.2021 13:00:00 +01:00,20264.10,18140.09
21.01.2021 14:00:00 +01:00,20642.66,20453.07
21.01.2021 15:00:00 +01:00,21124.12,20438.01
21.01.2021 16:00:00 +01:00,21679.52,20710.09
21.01.2021 17:00:00 +01:00,22558.78,20730.29
21.01.2021 18:00:00 +01:00,22243.33,20520.10
21.01.2021 19:00:00 +01:00,20763.63,20250.47
21.01.2021 20:00:00 +01:00,19271.08,19983.89
21.01.2021 21:00:00 +01:00,18009.75,19523.04
21.01.2021 22:00:00 +01:00,16817.38,18563.22
21.01.2021 23:00:00 +01:00,14996.48,17626.31
22.01.2021 00:00:00 +01:00,13610.87,17669.53
22.01.2021 01:00:00 +01:00,12984.88,17251.37
22.01.2021 02:00:00 +01:00,12214.14,17004.24
22.01.2021 03:00:00 +01:00,12264.28,16979.40
22.01.2021 04:00:00 +01:00,12986.36,17118.53
22.01.2021 05:00:00 +01:00,15096.89,17412.55
22.01.2021 06:00:00 +01:00,17914.64,18473.27
22.01.2021 07:00:00 +01:00,21424.13,19737.70
22.01.2021 08:00:00 +01:00,23143.33,20310.05
22.01.2021 09:00:00 +01:00,23030.26,20321.30
22.01.2021 10:00:00 +01:00,22821.71,20376.80
22.01.2021 11:00:00 +01:00,22196.54,20223.55
22.01.2021 12:00:00 +01:00,21561.97,20094.83
22.01.2021 13:00:00 +01:00,20922.48,20025.19
22.01.2021 14:00:00 +01:00,20285.81,19899.09
22.01.2021 15:00:00 +01:00,20316.07,19898.72
22.01.2021 16:00:00 +01:00,20694.92,20043.99
22.01.2021 17:00:00 +01:00,20999.30,20102.45
22.01.2021 18:00:00 +01:00,20512.94,19884.88
22.01.2021 19:00:00 +01:00,18951.62,19569.71
22.01.2021 20:00:00 +01:00,17020.60,19065.33
22.01.2021 21:00:00 +01:00,16182.05,18584.24
22.01.2021 22:00:00 +01:00,15138.42,18102.65
22.01.2021 23:00:00 +01:00,14120.36,17670.28
23.01.2021 00:00:00 +01:00,14020.25,17224.98
23.01.2021 01:00:00 +01:00,14255.67,16893.31
23.01.2021 02:00:00 +01:00,14793.47,16694.72
23.01.2021 03:00:00 +01:00,15313.97,16601.81
23.01.2021 04:00:00 +01:00,16229.39,16632.94
23.01.2021 05:00:00 +01:00,17335.44,16719.50
23.01.2021 06:00:00 +01:00,18103.31,17070.61
23.01.2021 07:00:00 +01:00,19199.30,17498.66
23.01.2021 08:00:00 +01:00,20158.17,18122.23
23.01.2021 09:00:00 +01:00,20852.45,18611.55
23.01.2021 10:00:00 +01:00,21681.46,19029.56
23.01.2021 11:00:00 +01:00,21608.31,19013.60
23.01.2021 12:00:00 +01:00,21651.37,18893.43
23.01.2021 13:00:00 +01:00,21543.69,18728.91
23.01.2021 14:00:00 +01:00,21806.73,18611.64
23.01.2021 15:00:00 +01:00,22707.92,18756.32
23.01.2021 16:00:00 +01:00,23557.67,19202.61
23.01.2021 17:00:00 +01:00,23881.62,19610.76
23.01.2021 18:00:00 +01:00,24156.00,19604.02
23.01.2021 19:00:00 +01:00,23883.24,19395.35
23.01.2021 20:00:00 +01:00,23501.37,19004.09
23.01.2021 21:00:00 +01:00,23052.75,18610.66
23.01.2021 22:00:00 +01:00,22448.07,18239.90
23.01.2021 23:00:00 +01:00,21265.24,17837.10
24.01.2021 00:00:00 +01:00,20849.82,17451.56
24.01.2021 01:00:00 +01:00,20674.25,17129.09
24.01.2021 02:00:00 +01:00,20269.01,16944.82
24.01.2021 03:00:00 +01:00,20213.15,16861.12
24.01.2021 04:00:00 +01:00,20284.73,16854.37
24.01.2021 05:00:00 +01:00,20888.35,16910.95
24.01.2021 06:00:00 +01:00,21846.13,17146.84
24.01.2021 07:00:00 +01:00,22538.72,17526.59
24.01.2021 08:00:00 +01:00,23367.74,18003.94
24.01.2021 09:00:00 +01:00,23939.60,18427.15
24.01.2021 10:00:00 +01:00,24171.36,18578.53
24.01.2021 11:00:00 +01:00,24069.54,18789.16
24.01.2021 12:00:00 +01:00,24052.93,18776.76
24.01.2021 13:00:00 +01:00,23951.51,18721.97
24.01.2021 14:00:00 +01:00,24206.87,18808.78
24.01.2021 15:00:00 +01:00,24396.19,19033.21
24.01.2021 16:00:00 +01:00,24512.32,19405.92
24.01.2021 17:00:00 +01:00,24796.49,19640.33
24.01.2021 18:00:00 +01:00,24763.43,19562.88
24.01.2021 19:00:00 +01:00,24827.79,19388.33
24.01.2021 20:00:00 +01:00,24724.57,19320.04
24.01.2021 21:00:00 +01:00,24789.64,19085.04
24.01.2021 22:00:00 +01:00,24386.46,18820.03
24.01.2021 23:00:00 +01:00,23668.41,18402.07
25.01.2021 00:00:00 +01:00,22492.58,18035.27
25.01.2021 01:00:00 +01:00,21843.47,17754.77
25.01.2021 02:00:00 +01:00,22065.52,17628.14
25.01.2021 03:00:00 +01:00,21871.28,17705.12
25.01.2021 04:00:00 +01:00,22067.28,17923.57
25.01.2021 05:00:00 +01:00,22579.04,18385.61
25.01.2021 06:00:00 +01:00,23822.88,19558.55
25.01.2021 07:00:00 +01:00,24993.40,21028.24
25.01.2021 08:00:00 +01:00,25256.05,21722.21
25.01.2021 09:00:00 +01:00,25567.48,21742.43
25.01.2021 10:00:00 +01:00,25495.71,21728.63
25.01.2021 11:00:00 +01:00,25317.76,21626.66
25.01.2021 12:00:00 +01:00,25345.64,21464.62
25.01.2021 13:00:00 +01:00,25298.41,21323.37
25.01.2021 14:00:00 +01:00,25301.13,20990.88
25.01.2021 15:00:00 +01:00,25250.03,21502.65
25.01.2021 16:00:00 +01:00,25028.60,21884.88
25.01.2021 17:00:00 +01:00,25248.54,21996.51
25.01.2021 18:00:00 +01:00,25128.48,21819.80
25.01.2021 19:00:00 +01:00,25097.75,21540.48
25.01.2021 20:00:00 +01:00,24769.99,21257.76
25.01.2021 21:00:00 +01:00,24434.90,20950.59
25.01.2021 22:00:00 +01:00,24337.15,20485.88
25.01.2021 23:00:00 +01:00,23198.99,19830.08
26.01.2021 00:00:00 +01:00,23423.98,19276.97
26.01.2021 01:00:00 +01:00,23389.26,18994.93
26.01.2021 02:00:00 +01:00,23256.74,18868.65
26.01.2021 03:00:00 +01:00,23106.96,18800.23
26.01.2021 04:00:00 +01:00,23448.00,18931.26
26.01.2021 05:00:00 +01:00,23680.39,19391.31
26.01.2021 06:00:00 +01:00,24457.13,20541.30
26.01.2021 07:00:00 +01:00,25453.25,21989.77
26.01.2021 08:00:00 +01:00,25605.56,22639.26
26.01.2021 09:00:00 +01:00,25956.19,22489.55
26.01.2021 10:00:00 +01:00,26069.40,21895.04
26.01.2021 11:00:00 +01:00,26142.42,21968.55
26.01.2021 12:00:00 +01:00,25872.82,21711.07
26.01.2021 13:00:00 +01:00,25336.09,21483.58
26.01.2021 14:00:00 +01:00,25263.21,21478.66
26.01.2021 15:00:00 +01:00,25157.28,21621.89
26.01.2021 16:00:00 +01:00,25362.23,22006.78
26.01.2021 17:00:00 +01:00,25814.64,22105.93
26.01.2021 18:00:00 +01:00,25731.72,21979.90
26.01.2021 19:00:00 +01:00,25532.65,21820.00
26.01.2021 20:00:00 +01:00,25009.94,21516.15
26.01.2021 21:00:00 +01:00,24499.31,21212.14
26.01.2021 22:00:00 +01:00,24413.17,20687.34
26.01.2021 23:00:00 +01:00,24118.87,19715.79
27.01.2021 00:00:00 +01:00,23091.35,19177.42
27.01.2021 01:00:00 +01:00,22980.67,19208.88
27.01.2021 02:00:00 +01:00,22570.56,19120.90
27.01.2021 03:00:00 +01:00,22265.95,19119.31
27.01.2021 04:00:00 +01:00,21827.17,19253.96
27.01.2021 05:00:00 +01:00,22286.70,19643.76
27.01.2021 06:00:00 +01:00,23511.48,20825.12
27.01.2021 07:00:00 +01:00,24950.83,22352.09
27.01.2021 08:00:00 +01:00,25196.22,22934.19
27.01.2021 09:00:00 +01:00,25915.94,22925.36
27.01.2021 10:00:00 +01:00,26148.35,22855.56
27.01.2021 11:00:00 +01:00,26022.23,22453.47
27.01.2021 12:00:00 +01:00,25785.24,22107.47
27.01.2021 13:00:00 +01:00,25673.22,21982.00
27.01.2021 14:00:00 +01:00,25456.06,21937.33
27.01.2021 15:00:00 +01:00,25618.50,22017.54
27.01.2021 16:00:00 +01:00,25650.42,22341.55
27.01.2021 17:00:00 +01:00,26132.04,22480.06
27.01.2021 18:00:00 +01:00,26034.27,22321.51
27.01.2021 19:00:00 +01:00,25856.95,22137.63
27.01.2021 20:00:00 +01:00,25323.31,21875.17
27.01.2021 21:00:00 +01:00,24731.44,21594.77
27.01.2021 22:00:00 +01:00,24203.34,21068.87
27.01.2021 23:00:00 +01:00,23863.79,20412.59
28.01.2021 00:00:00 +01:00,22562.31,19853.17
28.01.2021 01:00:00 +01:00,22251.07,19529.00
28.01.2021 02:00:00 +01:00,21726.27,19398.38
28.01.2021 03:00:00 +01:00,21648.15,19409.60
28.01.2021 04:00:00 +01:00,21746.09,19608.89
28.01.2021 05:00:00 +01:00,21979.73,20032.63
28.01.2021 06:00:00 +01:00,23643.97,21118.20
28.01.2021 07:00:00 +01:00,24812.16,22557.65
28.01.2021 08:00:00 +01:00,24782.95,22701.64
28.01.2021 09:00:00 +01:00,25120.21,22224.30
28.01.2021 10:00:00 +01:00,25555.82,22509.99
28.01.2021 11:00:00 +01:00,25680.20,21877.47
28.01.2021 12:00:00 +01:00,25563.87,22267.51
28.01.2021 13:00:00 +01:00,25189.11,22030.97
28.01.2021 14:00:00 +01:00,24937.53,21919.58
28.01.2021 15:00:00 +01:00,24760.04,22078.15
28.01.2021 16:00:00 +01:00,24772.87,22381.71
28.01.2021 17:00:00 +01:00,25124.58,22612.35
28.01.2021 18:00:00 +01:00,25356.20,22442.23
28.01.2021 19:00:00 +01:00,25431.47,22331.47
28.01.2021 20:00:00 +01:00,25250.53,22057.22
28.01.2021 21:00:00 +01:00,24639.43,21754.66
28.01.2021 22:00:00 +01:00,24727.95,21228.55
28.01.2021 23:00:00 +01:00,23671.09,20609.90
29.01.2021 00:00:00 +01:00,22479.70,20122.98
29.01.2021 01:00:00 +01:00,21266.15,19786.35
29.01.2021 02:00:00 +01:00,20497.39,19617.68
29.01.2021 03:00:00 +01:00,20334.00,19624.01
29.01.2021 04:00:00 +01:00,20513.52,19812.06
29.01.2021 05:00:00 +01:00,22126.14,20199.11
29.01.2021 06:00:00 +01:00,24136.57,21321.77
29.01.2021 07:00:00 +01:00,26142.41,22854.41
29.01.2021 08:00:00 +01:00,26471.44,23432.72
29.01.2021 09:00:00 +01:00,26595.28,23375.41
29.01.2021 10:00:00 +01:00,26727.07,23359.33
29.01.2021 11:00:00 +01:00,26547.91,23117.09
29.01.2021 12:00:00 +01:00,26088.19,22799.05
29.01.2021 13:00:00 +01:00,25561.44,22613.21
29.01.2021 14:00:00 +01:00,25277.38,22480.01
29.01.2021 15:00:00 +01:00,25406.65,22510.16
29.01.2021 16:00:00 +01:00,26029.84,22683.85
29.01.2021 17:00:00 +01:00,26437.29,22903.71
29.01.2021 18:00:00 +01:00,26311.57,22793.78
29.01.2021 19:00:00 +01:00,25860.33,22555.68
29.01.2021 20:00:00 +01:00,25437.37,22067.55
29.01.2021 21:00:00 +01:00,24456.12,21571.54
29.01.2021 22:00:00 +01:00,23360.87,21142.99
29.01.2021 23:00:00 +01:00,22087.73,20628.33
30.01.2021 00:00:00 +01:00,21355.87,20113.20
30.01.2021 01:00:00 +01:00,20182.80,19833.49
30.01.2021 02:00:00 +01:00,19440.11,19698.23
30.01.2021 03:00:00 +01:00,18684.57,19644.16
30.01.2021 04:00:00 +01:00,18662.51,19610.05
30.01.2021 05:00:00 +01:00,19390.64,19762.63
30.01.2021 06:00:00 +01:00,20903.76,20072.56
30.01.2021 07:00:00 +01:00,22816.22,20507.26
30.01.2021 08:00:00 +01:00,24189.67,21117.31
30.01.2021 09:00:00 +01:00,24477.24,21710.58
30.01.2021 10:00:00 +01:00,24571.08,22043.48
30.01.2021 11:00:00 +01:00,24252.23,21980.47
30.01.2021 12:00:00 +01:00,24177.54,21683.25
30.01.2021 13:00:00 +01:00,23974.35,21358.87
30.01.2021 14:00:00 +01:00,23146.74,21115.97
30.01.2021 15:00:00 +01:00,23182.78,21074.05
30.01.2021 16:00:00 +01:00,23790.92,21442.68
30.01.2021 17:00:00 +01:00,24591.08,21979.08
30.01.2021 18:00:00 +01:00,24767.07,22062.03
30.01.2021 19:00:00 +01:00,24759.97,21825.58
30.01.2021 20:00:00 +01:00,24600.88,21053.38
30.01.2021 21:00:00 +01:00,24139.59,20982.37
30.01.2021 22:00:00 +01:00,23719.37,20566.15
30.01.2021 23:00:00 +01:00,21749.39,20166.10
31.01.2021 00:00:00 +01:00,20112.86,19748.04
31.01.2021 01:00:00 +01:00,19371.22,19454.35
31.01.2021 02:00:00 +01:00,19306.50,19308.14
31.01.2021 03:00:00 +01:00,18877.38,19288.29
31.01.2021 04:00:00 +01:00,18896.33,19342.27
31.01.2021 05:00:00 +01:00,19312.46,19443.44
31.01.2021 06:00:00 +01:00,19695.34,19664.19
31.01.2021 07:00:00 +01:00,20702.14,20020.93
31.01.2021 08:00:00 +01:00,22778.84,20422.56
31.01.2021 09:00:00 +01:00,23744.76,20932.64
31.01.2021 10:00:00 +01:00,24172.97,21301.19
31.01.2021 11:00:00 +01:00,23946.34,21273.07
31.01.2021 12:00:00 +01:00,23188.18,20882.32
31.01.2021 13:00:00 +01:00,22365.63,20754.28
31.01.2021 14:00:00 +01:00,22198.44,20371.27
31.01.2021 15:00:00 +01:00,22607.03,20878.70
31.01.2021 16:00:00 +01:00,23619.90,21340.58
31.01.2021 17:00:00 +01:00,24768.38,21786.73
31.01.2021 18:00:00 +01:00,24318.53,21709.99
31.01.2021 19:00:00 +01:00,24439.06,21569.84
31.01.2021 20:00:00 +01:00,24358.15,21399.83
31.01.2021 21:00:00 +01:00,23868.02,21121.48
31.01.2021 22:00:00 +01:00,23208.09,20708.48
31.01.2021 23:00:00 +01:00,22170.00,20160.72
01.02.2021 00:00:00 +01:00,20537.73,19733.39
01.02.2021 01:00:00 +01:00,19484.22,19393.99
01.02.2021 02:00:00 +01:00,19265.31,19394.98
01.02.2021 03:00:00 +01:00,18370.60,19414.73
01.02.2021 04:00:00 +01:00,18686.34,19538.85
01.02.2021 05:00:00 +01:00,21113.01,20052.97
01.02.2021 06:00:00 +01:00,23598.61,21165.97
01.02.2021 07:00:00 +01:00,25295.66,22560.55
01.02.2021 08:00:00 +01:00,25468.54,22973.52
01.02.2021 09:00:00 +01:00,25450.16,23175.37
01.02.2021 10:00:00 +01:00,25133.30,22981.47
01.02.2021 11:00:00 +01:00,24919.93,22873.18
01.02.2021 12:00:00 +01:00,25116.75,22686.04
01.02.2021 13:00:00 +01:00,24819.34,22341.76
01.02.2021 14:00:00 +01:00,24565.93,22245.84
01.02.2021 15:00:00 +01:00,24748.93,22261.83
01.02.2021 16:00:00 +01:00,24615.37,22356.14
01.02.2021 17:00:00 +01:00,24969.09,22434.63
01.02.2021 18:00:00 +01:00,24973.60,22318.53
01.02.2021 19:00:00 +01:00,24916.35,22247.51
01.02.2021 20:00:00 +01:00,24570.32,22171.56
01.02.2021 21:00:00 +01:00,24081.01,21852.56
01.02.2021 22:00:00 +01:00,23706.96,21332.07
01.02.2021 23:00:00 +01:00,23403.74,20645.03
02.02.2021 00:00:00 +01:00,22459.86,20161.52
02.02.2021 01:00:00 +01:00,22351.09,19837.13
02.02.2021 02:00:00 +01:00,21905.98,19694.40
02.02.2021 03:00:00 +01:00,21353.80,19727.10
02.02.2021 04:00:00 +01:00,21906.31,19874.75
02.02.2021 05:00:00 +01:00,22871.40,20274.29
02.02.2021 06:00:00 +01:00,23837.21,21436.83
02.02.2021 07:00:00 +01:00,25316.64,22781.19
02.02.2021 08:00:00 +01:00,25148.15,23330.86
02.02.2021 09:00:00 +01:00,25203.69,23276.43
02.02.2021 10:00:00 +01:00,25266.58,21648.81
02.02.2021 11:00:00 +01:00,25475.04,23049.46
02.02.2021 12:00:00 +01:00,25569.52,22091.46
02.02.2021 13:00:00 +01:00,25322.11,22801.19
02.02.2021 14:00:00 +01:00,25269.19,22781.38
02.02.2021 15:00:00 +01:00,25384.42,22774.93
02.02.2021 16:00:00 +01:00,25546.84,22979.38
02.02.2021 17:00:00 +01:00,25876.87,23035.86
02.02.2021 18:00:00 +01:00,26053.63,22781.60
02.02.2021 19:00:00 +01:00,25593.70,22645.03
02.02.2021 20:00:00 +01:00,25195.10,22422.39
02.02.2021 21:00:00 +01:00,24728.75,22106.75
02.02.2021 22:00:00 +01:00,23715.41,21503.77
02.02.2021 23:00:00 +01:00,21549.08,20859.87
03.02.2021 00:00:00 +01:00,19261.30,20261.70
03.02.2021 01:00:00 +01:00,18313.61,19968.84
03.02.2021 02:00:00 +01:00,18061.00,19826.20
03.02.2021 03:00:00 +01:00,17894.48,19818.09
03.02.2021 04:00:00 +01:00,18798.56,19997.16
03.02.2021 05:00:00 +01:00,20728.70,20384.77
03.02.2021 06:00:00 +01:00,23025.91,21582.78
03.02.2021 07:00:00 +01:00,25016.94,23019.49
03.02.2021 08:00:00 +01:00,25390.56,23506.47
03.02.2021 09:00:00 +01:00,25774.22,23448.17
03.02.2021 10:00:00 +01:00,25853.91,23255.81
03.02.2021 11:00:00 +01:00,25948.62,23035.20
03.02.2021 12:00:00 +01:00,25894.43,21990.62
03.02.2021 13:00:00 +01:00,25128.57,21745.82
03.02.2021 14:00:00 +01:00,25055.14,22503.88
03.02.2021 15:00:00 +01:00,25180.76,22626.82
03.02.2021 16:00:00 +01:00,25337.76,22902.84
03.02.2021 17:00:00 +01:00,25686.43,23146.85
03.02.2021 18:00:00 +01:00,25518.04,23098.09
03.02.2021 19:00:00 +01:00,25300.54,23018.81
03.02.2021 20:00:00 +01:00,24289.50,22034.00
03.02.2021 21:00:00 +01:00,23075.54,22488.57
03.02.2021 22:00:00 +01:00,21510.46,21972.27
03.02.2021 23:00:00 +01:00,19357.51,21316.53
04.02.2021 00:00:00 +01:00,17901.94,20839.65
04.02.2021 01:00:00 +01:00,17441.70,20588.44
04.02.2021 02:00:00 +01:00,17213.39,20453.28
04.02.2021 03:00:00 +01:00,17406.57,20501.73
04.02.2021 04:00:00 +01:00,18254.18,19911.20
04.02.2021 05:00:00 +01:00,20049.11,21033.99
04.02.2021 06:00:00 +01:00,23434.65,22175.32
04.02.2021 07:00:00 +01:00,24411.90,23556.57
04.02.2021 08:00:00 +01:00,24808.95,23702.94
04.02.2021 09:00:00 +01:00,24912.13,23938.13
04.02.2021 10:00:00 +01:00,24888.94,23477.52
04.02.2021 11:00:00 +01:00,24870.17,22392.50
04.02.2021 12:00:00 +01:00,24432.77,21347.99
04.02.2021 13:00:00 +01:00,23964.52,21890.20
04.02.2021 14:00:00 +01:00,23940.70,23005.59
04.02.2021 15:00:00 +01:00,24274.35,23142.49
04.02.2021 16:00:00 +01:00,24227.46,23414.31
04.02.2021 17:00:00 +01:00,24416.44,23475.58
04.02.2021 18:00:00 +01:00,24673.29,23477.29
04.02.2021 19:00:00 +01:00,24342.66,23468.32
04.02.2021 20:00:00 +01:00,23610.36,22419.46
04.02.2021 21:00:00 +01:00,23355.83,22471.46
04.02.2021 22:00:00 +01:00,23324.72,22316.56
04.02.2021 23:00:00 +01:00,22688.44,21236.11
05.02.2021 00:00:00 +01:00,22320.38,21063.90
05.02.2021 01:00:00 +01:00,21747.88,20768.69
05.02.2021 02:00:00 +01:00,21034.71,20693.95
05.02.2021 03:00:00 +01:00,20522.51,20715.66
05.02.2021 04:00:00 +01:00,20696.40,19752.98
05.02.2021 05:00:00 +01:00,22127.16,21266.34
05.02.2021 06:00:00 +01:00,23562.86,22346.48
05.02.2021 07:00:00 +01:00,24843.85,23623.43
05.02.2021 08:00:00 +01:00,25220.69,24022.44
05.02.2021 09:00:00 +01:00,25463.21,23612.52
05.02.2021 10:00:00 +01:00,25343.27,23813.93
05.02.2021 11:00:00 +01:00,25339.76,23595.52
05.02.2021 12:00:00 +01:00,24956.63,22507.95
05.02.2021 13:00:00 +01:00,24782.92,22226.03
05.02.2021 14:00:00 +01:00,24709.99,22835.25
05.02.2021 15:00:00 +01:00,24358.92,22345.75
05.02.2021 16:00:00 +01:00,24312.46,22843.43
05.02.2021 17:00:00 +01:00,24754.19,23095.38
05.02.2021 18:00:00 +01:00,25068.95,23087.98
05.02.2021 19:00:00 +01:00,24208.71,22966.21
05.02.2021 20:00:00 +01:00,23521.10,22462.43
05.02.2021 21:00:00 +01:00,23279.97,21951.23
05.02.2021 22:00:00 +01:00,22898.49,21490.10
05.02.2021 23:00:00 +01:00,21516.53,21002.79
06.02.2021 00:00:00 +01:00,20205.58,20623.08
06.02.2021 01:00:00 +01:00,19107.42,20292.95
06.02.2021 02:00:00 +01:00,18124.28,20062.46
06.02.2021 03:00:00 +01:00,17472.01,20009.16
06.02.2021 04:00:00 +01:00,17570.41,20073.32
06.02.2021 05:00:00 +01:00,17815.79,20214.34
06.02.2021 06:00:00 +01:00,18387.43,20503.68
06.02.2021 07:00:00 +01:00,19399.92,20923.43
06.02.2021 08:00:00 +01:00,20780.88,21510.61
06.02.2021 09:00:00 +01:00,22203.15,22157.24
06.02.2021 10:00:00 +01:00,22982.58,22411.54
06.02.2021 11:00:00 +01:00,23441.64,22244.08
06.02.2021 12:00:00 +01:00,22688.34,21860.56
06.02.2021 13:00:00 +01:00,21338.53,21518.38
06.02.2021 14:00:00 +01:00,20320.59,21341.95
06.02.2021 15:00:00 +01:00,19735.48,21377.13
06.02.2021 16:00:00 +01:00,19656.38,21701.78
06.02.2021 17:00:00 +01:00,21673.29,22392.85
06.02.2021 18:00:00 +01:00,22453.18,22578.27
06.02.2021 19:00:00 +01:00,21059.14,22322.98
06.02.2021 20:00:00 +01:00,19850.47,21965.18
06.02.2021 21:00:00 +01:00,18892.50,21503.02
06.02.2021 22:00:00 +01:00,17960.54,21045.81
06.02.2021 23:00:00 +01:00,17503.15,20718.67
07.02.2021 00:00:00 +01:00,17543.19,20328.19
07.02.2021 01:00:00 +01:00,17055.43,20128.86
07.02.2021 02:00:00 +01:00,16150.88,20035.64
07.02.2021 03:00:00 +01:00,15863.33,19980.71
07.02.2021 04:00:00 +01:00,15771.63,19945.49
07.02.2021 05:00:00 +01:00,16152.63,19995.37
07.02.2021 06:00:00 +01:00,16181.63,20167.59
07.02.2021 07:00:00 +01:00,16811.83,20478.88
07.02.2021 08:00:00 +01:00,18490.52,20967.99
07.02.2021 09:00:00 +01:00,19869.96,21532.36
07.02.2021 10:00:00 +01:00,20458.24,21773.00
07.02.2021 11:00:00 +01:00,20525.24,21734.56
07.02.2021 12:00:00 +01:00,19974.27,21492.04
07.02.2021 13:00:00 +01:00,19670.90,21183.10
07.02.2021 14:00:00 +01:00,19464.80,21127.06
07.02.2021 15:00:00 +01:00,19543.07,21328.44
07.02.2021 16:00:00 +01:00,19986.82,21703.34
07.02.2021 17:00:00 +01:00,21696.61,22243.29
07.02.2021 18:00:00 +01:00,22036.22,22369.97
07.02.2021 19:00:00 +01:00,20928.46,22311.94
07.02.2021 20:00:00 +01:00,19975.61,22192.50
07.02.2021 21:00:00 +01:00,19284.35,21868.60
07.02.2021 22:00:00 +01:00,18899.37,21464.77
07.02.2021 23:00:00 +01:00,17955.88,21007.42
08.02.2021 00:00:00 +01:00,18447.90,20600.08
08.02.2021 01:00:00 +01:00,17804.48,20285.18
08.02.2021 02:00:00 +01:00,17309.30,20180.96
08.02.2021 03:00:00 +01:00,17232.95,20099.72
08.02.2021 04:00:00 +01:00,17882.70,19529.68
08.02.2021 05:00:00 +01:00,20676.77,20671.64
08.02.2021 06:00:00 +01:00,23058.71,21840.40
08.02.2021 07:00:00 +01:00,25050.91,23256.84
08.02.2021 08:00:00 +01:00,25376.95,23810.44
08.02.2021 09:00:00 +01:00,25278.56,23743.93
08.02.2021 10:00:00 +01:00,25241.14,22521.07
08.02.2021 11:00:00 +01:00,25395.25,23206.09
08.02.2021 12:00:00 +01:00,25550.54,21002.94
08.02.2021 13:00:00 +01:00,25158.27,22277.43
08.02.2021 14:00:00 +01:00,24867.66,22153.12
08.02.2021 15:00:00 +01:00,24928.28,22626.26
08.02.2021 16:00:00 +01:00,25052.66,22873.09
08.02.2021 17:00:00 +01:00,25394.49,22969.79
08.02.2021 18:00:00 +01:00,25334.61,22828.77
08.02.2021 19:00:00 +01:00,25082.41,22716.00
08.02.2021 20:00:00 +01:00,24462.32,22044.36
08.02.2021 21:00:00 +01:00,24093.69,22104.67
08.02.2021 22:00:00 +01:00,22930.41,19309.34
08.02.2021 23:00:00 +01:00,22046.56,20811.23
09.02.2021 00:00:00 +01:00,21808.81,20239.11
09.02.2021 01:00:00 +01:00,22171.81,19914.50
09.02.2021 02:00:00 +01:00,22112.96,19873.76
09.02.2021 03:00:00 +01:00,21799.07,19916.35
09.02.2021 04:00:00 +01:00,21788.75,20078.25
09.02.2021 05:00:00 +01:00,22045.08,20474.21
09.02.2021 06:00:00 +01:00,23586.15,21687.30
09.02.2021 07:00:00 +01:00,24805.51,23002.59
09.02.2021 08:00:00 +01:00,25113.06,23434.06
09.02.2021 09:00:00 +01:00,25641.29,23424.50
09.02.2021 10:00:00 +01:00,25786.43,22851.90
09.02.2021 11:00:00 +01:00,25604.16,22698.55
09.02.2021 12:00:00 +01:00,25585.19,21577.74
09.02.2021 13:00:00 +01:00,25671.11,21735.13
09.02.2021 14:00:00 +01:00,25730.93,21650.71
09.02.2021 15:00:00 +01:00,25815.17,22440.60
09.02.2021 16:00:00 +01:00,25980.14,22661.81
09.02.2021 17:00:00 +01:00,25925.01,22790.49
09.02.2021 18:00:00 +01:00,25600.31,22917.31
09.02.2021 19:00:00 +01:00,25446.04,22934.69
09.02.2021 20:00:00 +01:00,24948.48,22434.68
09.02.2021 21:00:00 +01:00,24243.98,22435.24
09.02.2021 22:00:00 +01:00,23764.51,21146.43
09.02.2021 23:00:00 +01:00,23717.74,21223.13
10.02.2021 00:00:00 +01:00,23440.89,20697.23
10.02.2021 01:00:00 +01:00,22899.94,20458.18
10.02.2021 02:00:00 +01:00,22563.66,20346.41
10.02.2021 03:00:00 +01:00,22105.09,20356.45
10.02.2021 04:00:00 +01:00,22091.93,19458.58
10.02.2021 05:00:00 +01:00,22778.09,20907.74
10.02.2021 06:00:00 +01:00,23711.11,22158.33
10.02.2021 07:00:00 +01:00,25088.58,23707.61
10.02.2021 08:00:00 +01:00,25270.41,23896.41
10.02.2021 09:00:00 +01:00,25363.33,23787.20
10.02.2021 10:00:00 +01:00,25457.36,14969.14
10.02.2021 11:00:00 +01:00,25329.65,0.10
10.02.2021 12:00:00 +01:00,24946.34,0.10
10.02.2021 13:00:00 +01:00,24852.64,0.10
10.02.2021 14:00:00 +01:00,24965.07,0.10
10.02.2021 15:00:00 +01:00,24746.20,0.10
10.02.2021 16:00:00 +01:00,24773.30,0.10
10.02.2021 17:00:00 +01:00,25264.25,0.10
10.02.2021 18:00:00 +01:00,25427.11,0.10
10.02.2021 19:00:00 +01:00,24992.08,0.10
10.02.2021 20:00:00 +01:00,24170.92,0.10
10.02.2021 21:00:00 +01:00,23373.48,0.10
10.02.2021 22:00:00 +01:00,23935.87,0.10
10.02.2021 23:00:00 +01:00,24249.72,0.10
11.02.2021 00:00:00 +01:00,23474.31,0.20
11.02.2021 01:00:00 +01:00,23490.22,0.20
11.02.2021 02:00:00 +01:00,23528.61,0.20
11.02.2021 03:00:00 +01:00,23530.64,0.20
11.02.2021 04:00:00 +01:00,23290.38,0.20
11.02.2021 05:00:00 +01:00,23339.92,0.02
11.02.2021 06:00:00 +01:00,23781.81,0.18
11.02.2021 07:00:00 +01:00,24526.23,0.20
11.02.2021 08:00:00 +01:00,24469.36,0.20
11.02.2021 09:00:00 +01:00,24545.78,0.20
11.02.2021 10:00:00 +01:00,24387.41,12555.58
11.02.2021 11:00:00 +01:00,24304.61,23237.89
11.02.2021 12:00:00 +01:00,24066.31,22954.85
11.02.2021 13:00:00 +01:00,23764.73,22303.56
11.02.2021 14:00:00 +01:00,23425.24,18748.81
11.02.2021 15:00:00 +01:00,23045.35,22124.63
11.02.2021 16:00:00 +01:00,23299.31,22373.44
11.02.2021 17:00:00 +01:00,24336.49,22905.98
11.02.2021 18:00:00 +01:00,24584.76,23076.46
11.02.2021 19:00:00 +01:00,24131.97,22758.78
11.02.2021 20:00:00 +01:00,23921.39,22829.21
11.02.2021 21:00:00 +01:00,23554.52,22647.18
11.02.2021 22:00:00 +01:00,23247.69,22106.99
11.02.2021 23:00:00 +01:00,23096.04,21504.61
12.02.2021 00:00:00 +01:00,22963.26,20999.79
12.02.2021 01:00:00 +01:00,22709.24,20776.21
12.02.2021 02:00:00 +01:00,22626.76,20631.20
12.02.2021 03:00:00 +01:00,22222.32,20756.52
12.02.2021 04:00:00 +01:00,21623.44,20896.47
12.02.2021 05:00:00 +01:00,22102.15,21210.06
12.02.2021 06:00:00 +01:00,23122.52,22347.15
12.02.2021 07:00:00 +01:00,24092.30,23623.76
12.02.2021 08:00:00 +01:00,24553.40,24083.44
12.02.2021 09:00:00 +01:00,24570.77,24175.70
12.02.2021 10:00:00 +01:00,24325.80,23875.54
12.02.2021 11:00:00 +01:00,24347.97,23492.86
12.02.2021 12:00:00 +01:00,24323.69,23182.03
12.02.2021 13:00:00 +01:00,23767.92,22851.59
12.02.2021 14:00:00 +01:00,23568.96,22504.49
12.02.2021 15:00:00 +01:00,23395.01,22298.27
12.02.2021 16:00:00 +01:00,23933.55,22442.73
12.02.2021 17:00:00 +01:00,24174.75,22833.99
12.02.2021 18:00:00 +01:00,24004.28,23015.56
12.02.2021 19:00:00 +01:00,24007.95,22879.83
12.02.2021 20:00:00 +01:00,23655.50,22490.63
12.02.2021 21:00:00 +01:00,23134.96,22011.17
12.02.2021 22:00:00 +01:00,22931.36,21535.21
12.02.2021 23:00:00 +01:00,21759.64,21069.46
13.02.2021 00:00:00 +01:00,20932.34,20635.83
13.02.2021 01:00:00 +01:00,20899.80,20397.58
13.02.2021 02:00:00 +01:00,21250.73,20269.71
13.02.2021 03:00:00 +01:00,20857.29,20241.84
13.02.2021 04:00:00 +01:00,20487.60,20339.30
13.02.2021 05:00:00 +01:00,20429.93,20576.32
13.02.2021 06:00:00 +01:00,20495.99,20886.10
13.02.2021 07:00:00 +01:00,22423.25,21256.44
13.02.2021 08:00:00 +01:00,23518.19,21793.56
13.02.2021 09:00:00 +01:00,23625.53,22252.10
13.02.2021 10:00:00 +01:00,23799.45,22337.94
13.02.2021 11:00:00 +01:00,24156.96,22057.84
13.02.2021 12:00:00 +01:00,23606.21,21631.54
13.02.2021 13:00:00 +01:00,22372.22,21221.24
13.02.2021 14:00:00 +01:00,21867.33,20809.24
13.02.2021 15:00:00 +01:00,22403.84,20720.38
13.02.2021 16:00:00 +01:00,23578.84,21049.23
13.02.2021 17:00:00 +01:00,23989.71,21716.29
13.02.2021 18:00:00 +01:00,24175.66,22161.53
13.02.2021 19:00:00 +01:00,23945.62,22054.74
13.02.2021 20:00:00 +01:00,23689.21,21557.29
13.02.2021 21:00:00 +01:00,22536.67,21120.68
13.02.2021 22:00:00 +01:00,21991.11,20761.20
13.02.2021 23:00:00 +01:00,20830.86,20425.14
14.02.2021 00:00:00 +01:00,20312.22,20087.18
14.02.2021 01:00:00 +01:00,19637.07,19951.51
14.02.2021 02:00:00 +01:00,18961.92,19769.39
14.02.2021 03:00:00 +01:00,18717.52,19756.05
14.02.2021 04:00:00 +01:00,18681.81,19791.80
14.02.2021 05:00:00 +01:00,18523.31,19949.20
14.02.2021 06:00:00 +01:00,18765.07,20205.33
14.02.2021 07:00:00 +01:00,20015.19,20511.82
14.02.2021 08:00:00 +01:00,21573.30,20904.69
14.02.2021 09:00:00 +01:00,22129.53,21432.20
14.02.2021 10:00:00 +01:00,22440.60,21545.15
14.02.2021 11:00:00 +01:00,22456.68,21358.36
14.02.2021 12:00:00 +01:00,21735.06,21175.95
14.02.2021 13:00:00 +01:00,20213.40,20795.65
14.02.2021 14:00:00 +01:00,20000.45,20738.66
14.02.2021 15:00:00 +01:00,20398.36,20747.79
14.02.2021 16:00:00 +01:00,21903.34,21045.74
14.02.2021 17:00:00 +01:00,24503.64,21534.35
14.02.2021 18:00:00 +01:00,25257.81,21780.25
14.02.2021 19:00:00 +01:00,25204.70,21716.47
14.02.2021 20:00:00 +01:00,24282.29,21586.28
14.02.2021 21:00:00 +01:00,23080.94,21272.41
14.02.2021 22:00:00 +01:00,22650.44,20828.11
14.02.2021 23:00:00 +01:00,21207.13,20309.77
15.02.2021 00:00:00 +01:00,19413.61,19830.96
15.02.2021 01:00:00 +01:00,18547.82,19577.15
15.02.2021 02:00:00 +01:00,17956.54,19481.70
15.02.2021 03:00:00 +01:00,17479.94,19485.23
15.02.2021 04:00:00 +01:00,18022.23,19541.47
15.02.2021 05:00:00 +01:00,20225.66,19893.46
15.02.2021 06:00:00 +01:00,22829.60,21020.25
15.02.2021 07:00:00 +01:00,24790.48,22308.63
15.02.2021 08:00:00 +01:00,24739.06,22722.98
15.02.2021 09:00:00 +01:00,24316.10,22758.27
15.02.2021 10:00:00 +01:00,24035.50,22608.99
15.02.2021 11:00:00 +01:00,24448.41,22661.88
15.02.2021 12:00:00 +01:00,24745.01,22628.91
15.02.2021 13:00:00 +01:00,24731.80,22457.55
15.02.2021 14:00:00 +01:00,24627.02,22400.27
15.02.2021 15:00:00 +01:00,24385.26,22395.90
15.02.2021 16:00:00 +01:00,24654.24,22449.56
15.02.2021 17:00:00 +01:00,24950.43,22318.83
15.02.2021 18:00:00 +01:00,24848.58,22076.84
15.02.2021 19:00:00 +01:00,24342.28,21941.89
15.02.2021 20:00:00 +01:00,23918.07,21750.09
15.02.2021 21:00:00 +01:00,22934.92,21244.17
15.02.2021 22:00:00 +01:00,22540.57,20615.15
15.02.2021 23:00:00 +01:00,21552.78,19853.67
16.02.2021 00:00:00 +01:00,21950.72,19312.59
16.02.2021 01:00:00 +01:00,21352.81,18995.67
16.02.2021 02:00:00 +01:00,20729.60,18663.10
16.02.2021 03:00:00 +01:00,20109.34,18518.14
16.02.2021 04:00:00 +01:00,19958.45,18598.04
16.02.2021 05:00:00 +01:00,21612.47,19000.84
16.02.2021 06:00:00 +01:00,23706.56,20182.25
16.02.2021 07:00:00 +01:00,24707.68,21597.79
16.02.2021 08:00:00 +01:00,25097.16,21970.51
16.02.2021 09:00:00 +01:00,25541.02,21804.50
16.02.2021 10:00:00 +01:00,25984.45,21595.08
16.02.2021 11:00:00 +01:00,26217.61,21513.69
16.02.2021 12:00:00 +01:00,25815.59,21364.22
16.02.2021 13:00:00 +01:00,25929.25,21252.50
16.02.2021 14:00:00 +01:00,25974.65,21298.60
16.02.2021 15:00:00 +01:00,25607.28,21325.79
16.02.2021 16:00:00 +01:00,25554.81,21541.38
16.02.2021 17:00:00 +01:00,25751.99,21594.32
16.02.2021 18:00:00 +01:00,25788.47,21540.78
16.02.2021 19:00:00 +01:00,25658.50,21317.20
16.02.2021 20:00:00 +01:00,25187.98,21054.80
16.02.2021 21:00:00 +01:00,24555.25,20597.19
16.02.2021 22:00:00 +01:00,23570.40,19933.34
16.02.2021 23:00:00 +01:00,22260.35,19274.14
17.02.2021 00:00:00 +01:00,21837.73,18736.00
17.02.2021 01:00:00 +01:00,21683.27,18440.48
17.02.2021 02:00:00 +01:00,20925.92,18287.91
17.02.2021 03:00:00 +01:00,19705.52,18276.29
17.02.2021 04:00:00 +01:00,19500.54,18391.70
17.02.2021 05:00:00 +01:00,19739.59,18727.65
17.02.2021 06:00:00 +01:00,20932.32,19977.36
17.02.2021 07:00:00 +01:00,24907.98,21398.47
17.02.2021 08:00:00 +01:00,25660.19,21742.81
17.02.2021 09:00:00 +01:00,26022.82,21768.41
17.02.2021 10:00:00 +01:00,26060.62,21622.12
17.02.2021 11:00:00 +01:00,25285.08,21303.47
17.02.2021 12:00:00 +01:00,24299.55,21222.79
17.02.2021 13:00:00 +01:00,23886.67,21233.38
17.02.2021 14:00:00 +01:00,24046.45,21005.66
17.02.2021 15:00:00 +01:00,24707.50,21040.25
17.02.2021 16:00:00 +01:00,25569.64,21204.41
17.02.2021 17:00:00 +01:00,26212.39,21323.98
17.02.2021 18:00:00 +01:00,26148.66,21273.66
17.02.2021 19:00:00 +01:00,25796.42,21129.81
17.02.2021 20:00:00 +01:00,25079.13,20863.89
17.02.2021 21:00:00 +01:00,24328.44,20466.68
17.02.2021 22:00:00 +01:00,23894.88,19864.21
17.02.2021 23:00:00 +01:00,22568.75,19056.46
18.02.2021 00:00:00 +01:00,21446.71,18490.99
18.02.2021 01:00:00 +01:00,20868.05,18172.70
18.02.2021 02:00:00 +01:00,20217.41,18091.48
18.02.2021 03:00:00 +01:00,19816.45,18044.67
18.02.2021 04:00:00 +01:00,19701.80,18136.80
18.02.2021 05:00:00 +01:00,20634.75,18510.16
18.02.2021 06:00:00 +01:00,23031.98,19675.89
18.02.2021 07:00:00 +01:00,25107.18,21002.38
18.02.2021 08:00:00 +01:00,25361.89,21378.97
18.02.2021 09:00:00 +01:00,25416.20,21346.43
18.02.2021 10:00:00 +01:00,24987.48,18312.59
18.02.2021 11:00:00 +01:00,25234.12,12947.09
18.02.2021 12:00:00 +01:00,24291.10,20875.29
18.02.2021 13:00:00 +01:00,23796.55,20748.37
18.02.2021 14:00:00 +01:00,23684.60,19994.68
18.02.2021 15:00:00 +01:00,23668.87,20736.24
18.02.2021 16:00:00 +01:00,24273.32,20921.27
18.02.2021 17:00:00 +01:00,25304.76,21001.58
18.02.2021 18:00:00 +01:00,25648.15,20970.94
18.02.2021 19:00:00 +01:00,24744.11,20746.56
18.02.2021 20:00:00 +01:00,23454.41,20373.05
18.02.2021 21:00:00 +01:00,21994.89,19942.67
18.02.2021 22:00:00 +01:00,20868.93,19341.02
18.02.2021 23:00:00 +01:00,20077.46,18655.60
19.02.2021 00:00:00 +01:00,19554.82,18027.97
19.02.2021 01:00:00 +01:00,19033.58,17669.45
19.02.2021 02:00:00 +01:00,18847.77,17512.30
19.02.2021 03:00:00 +01:00,18651.05,17446.04
19.02.2021 04:00:00 +01:00,19092.17,17563.15
19.02.2021 05:00:00 +01:00,19980.44,17913.49
19.02.2021 06:00:00 +01:00,22849.40,18982.16
19.02.2021 07:00:00 +01:00,24952.39,20384.77
19.02.2021 08:00:00 +01:00,25611.15,20834.38
19.02.2021 09:00:00 +01:00,25934.64,20727.00
19.02.2021 10:00:00 +01:00,25671.81,20535.44
19.02.2021 11:00:00 +01:00,24919.02,20316.92
19.02.2021 12:00:00 +01:00,24406.92,20090.80
19.02.2021 13:00:00 +01:00,23679.05,19887.86
19.02.2021 14:00:00 +01:00,23567.87,19783.85
19.02.2021 15:00:00 +01:00,23786.90,19756.37
19.02.2021 16:00:00 +01:00,24145.52,19795.91
19.02.2021 17:00:00 +01:00,25069.17,19936.61
19.02.2021 18:00:00 +01:00,25695.88,20039.44
19.02.2021 19:00:00 +01:00,25534.39,19828.24
19.02.2021 20:00:00 +01:00,24478.92,19292.92
19.02.2021 21:00:00 +01:00,23635.81,18748.07
19.02.2021 22:00:00 +01:00,22385.31,18245.12
19.02.2021 23:00:00 +01:00,20435.02,17685.61
20.02.2021 00:00:00 +01:00,19772.63,17238.66
20.02.2021 01:00:00 +01:00,18456.57,16994.61
20.02.2021 02:00:00 +01:00,17716.16,16803.94
20.02.2021 03:00:00 +01:00,16829.87,16678.92
20.02.2021 04:00:00 +01:00,16545.30,16644.89
20.02.2021 05:00:00 +01:00,15951.81,16668.11
20.02.2021 06:00:00 +01:00,16871.80,16927.12
20.02.2021 07:00:00 +01:00,17885.71,17331.71
20.02.2021 08:00:00 +01:00,18860.34,17812.04
20.02.2021 09:00:00 +01:00,18388.93,18429.32
20.02.2021 10:00:00 +01:00,17410.23,18827.21
20.02.2021 11:00:00 +01:00,16819.13,18872.96
20.02.2021 12:00:00 +01:00,16565.36,18712.01
20.02.2021 13:00:00 +01:00,16602.01,18684.43
20.02.2021 14:00:00 +01:00,16566.21,18589.46
20.02.2021 15:00:00 +01:00,17061.80,18505.00
20.02.2021 16:00:00 +01:00,18537.90,18531.88
20.02.2021 17:00:00 +01:00,20967.19,18835.60
20.02.2021 18:00:00 +01:00,21734.82,19036.16
20.02.2021 19:00:00 +01:00,20231.83,18755.21
20.02.2021 20:00:00 +01:00,17423.22,18217.47
20.02.2021 21:00:00 +01:00,15296.72,17696.01
20.02.2021 22:00:00 +01:00,15005.26,17309.47
20.02.2021 23:00:00 +01:00,14287.55,16971.73
21.02.2021 00:00:00 +01:00,13148.23,16639.50
21.02.2021 01:00:00 +01:00,12692.05,16288.72
21.02.2021 02:00:00 +01:00,12438.97,16104.65
21.02.2021 03:00:00 +01:00,12363.67,15996.51
21.02.2021 04:00:00 +01:00,12245.11,15971.16
21.02.2021 05:00:00 +01:00,12409.95,15955.83
21.02.2021 06:00:00 +01:00,13060.43,16158.67
21.02.2021 07:00:00 +01:00,13369.56,16403.77
21.02.2021 08:00:00 +01:00,14838.53,16674.34
21.02.2021 09:00:00 +01:00,16680.70,17351.47
21.02.2021 10:00:00 +01:00,16155.26,17644.87
21.02.2021 11:00:00 +01:00,16669.02,17804.49
21.02.2021 12:00:00 +01:00,17234.78,17848.70
21.02.2021 13:00:00 +01:00,16957.12,17747.25
21.02.2021 14:00:00 +01:00,17446.32,17742.85
21.02.2021 15:00:00 +01:00,18448.54,17798.28
21.02.2021 16:00:00 +01:00,20569.11,17954.78
21.02.2021 17:00:00 +01:00,22231.31,18246.92
21.02.2021 18:00:00 +01:00,23176.36,18498.63
21.02.2021 19:00:00 +01:00,22988.36,18362.75
21.02.2021 20:00:00 +01:00,22792.60,18137.90
21.02.2021 21:00:00 +01:00,22369.44,17825.14
21.02.2021 22:00:00 +01:00,21618.24,17385.36
21.02.2021 23:00:00 +01:00,20863.39,16901.20
22.02.2021 00:00:00 +01:00,19700.67,16485.04
22.02.2021 01:00:00 +01:00,19486.44,16206.63
22.02.2021 02:00:00 +01:00,19089.39,16091.50
22.02.2021 03:00:00 +01:00,18684.51,16083.10
22.02.2021 04:00:00 +01:00,18776.09,16201.43
22.02.2021 05:00:00 +01:00,20441.08,16585.84
22.02.2021 06:00:00 +01:00,23883.20,17709.84
22.02.2021 07:00:00 +01:00,25258.83,18901.67
22.02.2021 08:00:00 +01:00,25242.12,19382.76
22.02.2021 09:00:00 +01:00,24756.04,19532.57
22.02.2021 10:00:00 +01:00,24639.46,19379.69
22.02.2021 11:00:00 +01:00,24599.95,19208.47
22.02.2021 12:00:00 +01:00,24642.18,19135.22
22.02.2021 13:00:00 +01:00,24339.77,19051.21
22.02.2021 14:00:00 +01:00,24411.06,18997.66
22.02.2021 15:00:00 +01:00,24857.22,18937.11
22.02.2021 16:00:00 +01:00,25162.09,19081.76
22.02.2021 17:00:00 +01:00,25321.13,19064.51
22.02.2021 18:00:00 +01:00,25243.71,19062.22
22.02.2021 19:00:00 +01:00,24743.86,18839.51
22.02.2021 20:00:00 +01:00,23645.60,18584.15
22.02.2021 21:00:00 +01:00,22472.50,18214.92
22.02.2021 22:00:00 +01:00,21015.16,17594.50
22.02.2021 23:00:00 +01:00,19781.03,16957.89
23.02.2021 00:00:00 +01:00,19367.72,16411.87
23.02.2021 01:00:00 +01:00,18906.42,16088.37
23.02.2021 02:00:00 +01:00,18850.23,16043.60
23.02.2021 03:00:00 +01:00,19621.70,16022.97
23.02.2021 04:00:00 +01:00,19969.83,16143.88
23.02.2021 05:00:00 +01:00,20788.05,16527.36
23.02.2021 06:00:00 +01:00,22959.57,17643.07
23.02.2021 07:00:00 +01:00,24594.31,18857.06
23.02.2021 08:00:00 +01:00,24801.93,19264.69
23.02.2021 09:00:00 +01:00,24651.22,19246.51
23.02.2021 10:00:00 +01:00,24815.44,18752.19
23.02.2021 11:00:00 +01:00,23758.93,18902.36
23.02.2021 12:00:00 +01:00,22612.85,18724.08
23.02.2021 13:00:00 +01:00,21284.06,18656.02
23.02.2021 14:00:00 +01:00,21640.93,18670.39
23.02.2021 15:00:00 +01:00,23340.93,18812.77
23.02.2021 16:00:00 +01:00,24348.90,18919.18
23.02.2021 17:00:00 +01:00,25104.92,19021.75
23.02.2021 18:00:00 +01:00,25531.91,19139.52
23.02.2021 19:00:00 +01:00,24668.17,18944.97
23.02.2021 20:00:00 +01:00,23280.68,18660.48
23.02.2021 21:00:00 +01:00,22404.14,18217.66
23.02.2021 22:00:00 +01:00,21262.11,17679.31
23.02.2021 23:00:00 +01:00,18834.82,17079.65
24.02.2021 00:00:00 +01:00,15477.99,16613.44
24.02.2021 01:00:00 +01:00,13310.92,16246.70
24.02.2021 02:00:00 +01:00,12320.30,16065.29
24.02.2021 03:00:00 +01:00,11976.39,15965.21
24.02.2021 04:00:00 +01:00,12161.58,15970.02
24.02.2021 05:00:00 +01:00,13393.86,16274.82
24.02.2021 06:00:00 +01:00,16643.69,17308.82
24.02.2021 07:00:00 +01:00,18886.89,18385.76
24.02.2021 08:00:00 +01:00,19645.14,18676.02
24.02.2021 09:00:00 +01:00,19839.98,18733.15
24.02.2021 10:00:00 +01:00,20174.04,18789.68
24.02.2021 11:00:00 +01:00,19485.79,18598.77
24.02.2021 12:00:00 +01:00,18642.40,18564.21
24.02.2021 13:00:00 +01:00,18570.50,18389.04
24.02.2021 14:00:00 +01:00,18849.92,18368.82
24.02.2021 15:00:00 +01:00,18979.38,18419.74
24.02.2021 16:00:00 +01:00,19577.04,18598.00
24.02.2021 17:00:00 +01:00,20702.15,18686.19
24.02.2021 18:00:00 +01:00,20565.62,18707.38
24.02.2021 19:00:00 +01:00,19192.83,18517.89
24.02.2021 20:00:00 +01:00,17385.00,18208.49
24.02.2021 21:00:00 +01:00,16381.21,17797.36
24.02.2021 22:00:00 +01:00,15251.05,17262.92
24.02.2021 23:00:00 +01:00,13483.74,16563.08
25.02.2021 00:00:00 +01:00,12758.10,16046.62
25.02.2021 01:00:00 +01:00,12242.12,15677.22
25.02.2021 02:00:00 +01:00,12411.75,15510.43
25.02.2021 03:00:00 +01:00,12677.18,15393.15
25.02.2021 04:00:00 +01:00,13276.03,15498.84
25.02.2021 05:00:00 +01:00,14393.06,15916.06
25.02.2021 06:00:00 +01:00,16107.81,16911.70
25.02.2021 07:00:00 +01:00,17928.39,18089.64
25.02.2021 08:00:00 +01:00,18381.18,18599.99
25.02.2021 09:00:00 +01:00,18551.77,18625.66
25.02.2021 10:00:00 +01:00,18746.58,17957.82
25.02.2021 11:00:00 +01:00,18851.60,18455.27
25.02.2021 12:00:00 +01:00,18111.19,18292.60
25.02.2021 13:00:00 +01:00,18277.82,18110.09
25.02.2021 14:00:00 +01:00,18452.85,18054.15
25.02.2021 15:00:00 +01:00,18632.30,18078.66
25.02.2021 16:00:00 +01:00,18996.29,18292.15
25.02.2021 17:00:00 +01:00,20177.70,18408.15
25.02.2021 18:00:00 +01:00,20994.27,18593.54
25.02.2021 19:00:00 +01:00,20427.14,18500.44
25.02.2021 20:00:00 +01:00,18804.84,18253.71
25.02.2021 21:00:00 +01:00,17712.64,17875.05
25.02.2021 22:00:00 +01:00,16670.14,17345.18
25.02.2021 23:00:00 +01:00,15992.16,16760.28
26.02.2021 00:00:00 +01:00,14681.77,16396.72
26.02.2021 01:00:00 +01:00,14367.41,16053.97
26.02.2021 02:00:00 +01:00,14119.98,15882.98
26.02.2021 03:00:00 +01:00,14313.34,15849.30
26.02.2021 04:00:00 +01:00,14438.45,15998.59
26.02.2021 05:00:00 +01:00,14922.57,16334.92
26.02.2021 06:00:00 +01:00,16942.98,17329.38
26.02.2021 07:00:00 +01:00,19269.33,18385.08
26.02.2021 08:00:00 +01:00,19786.23,18813.76
26.02.2021 09:00:00 +01:00,19733.07,18799.95
26.02.2021 10:00:00 +01:00,19007.42,18576.05
26.02.2021 11:00:00 +01:00,17369.64,18069.69
26.02.2021 12:00:00 +01:00,15910.23,17664.11
26.02.2021 13:00:00 +01:00,15216.99,17502.43
26.02.2021 14:00:00 +01:00,14862.45,17392.89
26.02.2021 15:00:00 +01:00,14917.02,17340.91
26.02.2021 16:00:00 +01:00,15493.28,17409.20
26.02.2021 17:00:00 +01:00,17256.94,17676.00
26.02.2021 18:00:00 +01:00,18011.71,18051.72
26.02.2021 19:00:00 +01:00,16636.71,17918.32
26.02.2021 20:00:00 +01:00,15519.47,17582.00
26.02.2021 21:00:00 +01:00,14966.71,17102.14
26.02.2021 22:00:00 +01:00,14677.67,16734.78
26.02.2021 23:00:00 +01:00,14281.89,16348.49
27.02.2021 00:00:00 +01:00,14273.85,15962.25
27.02.2021 01:00:00 +01:00,14650.12,15780.24
27.02.2021 02:00:00 +01:00,14966.68,15654.27
27.02.2021 03:00:00 +01:00,14730.30,15610.39
27.02.2021 04:00:00 +01:00,15139.34,15628.41
27.02.2021 05:00:00 +01:00,15633.76,15745.78
27.02.2021 06:00:00 +01:00,17055.94,16118.63
27.02.2021 07:00:00 +01:00,18718.66,16459.98
27.02.2021 08:00:00 +01:00,19934.95,16896.05
27.02.2021 09:00:00 +01:00,21306.75,17345.58
27.02.2021 10:00:00 +01:00,21253.89,17584.81
27.02.2021 11:00:00 +01:00,20794.32,17588.96
27.02.2021 12:00:00 +01:00,19974.59,17474.20
27.02.2021 13:00:00 +01:00,18907.54,17317.84
27.02.2021 14:00:00 +01:00,18148.87,17018.07
27.02.2021 15:00:00 +01:00,17965.42,16864.71
27.02.2021 16:00:00 +01:00,18360.75,16906.10
27.02.2021 17:00:00 +01:00,18931.51,17288.90
27.02.2021 18:00:00 +01:00,19593.10,17725.71
27.02.2021 19:00:00 +01:00,18917.61,17657.23
27.02.2021 20:00:00 +01:00,17730.67,17250.98
27.02.2021 21:00:00 +01:00,17378.22,16916.97
27.02.2021 22:00:00 +01:00,16842.47,16557.66
27.02.2021 23:00:00 +01:00,16374.26,16117.92
28.02.2021 00:00:00 +01:00,16137.59,15777.83
28.02.2021 01:00:00 +01:00,15902.13,15497.01
28.02.2021 02:00:00 +01:00,16006.83,15331.81
28.02.2021 03:00:00 +01:00,16222.87,15308.25
28.02.2021 04:00:00 +01:00,16345.67,15311.02
28.02.2021 05:00:00 +01:00,16551.14,15437.02
28.02.2021 06:00:00 +01:00,16818.88,15704.17
28.02.2021 07:00:00 +01:00,16973.07,15923.68
28.02.2021 08:00:00 +01:00,17265.64,16226.53
28.02.2021 09:00:00 +01:00,17702.55,16499.01
28.02.2021 10:00:00 +01:00,17587.52,16578.83
28.02.2021 11:00:00 +01:00,17555.03,16391.68
28.02.2021 12:00:00 +01:00,16372.79,16123.65
28.02.2021 13:00:00 +01:00,14847.51,15819.84
28.02.2021 14:00:00 +01:00,14320.48,15875.04
28.02.2021 15:00:00 +01:00,15377.98,15856.74
28.02.2021 16:00:00 +01:00,16966.37,16037.55
28.02.2021 17:00:00 +01:00,18648.56,16371.19
28.02.2021 18:00:00 +01:00,19503.53,16966.22
28.02.2021 19:00:00 +01:00,19089.76,17191.00
28.02.2021 20:00:00 +01:00,18460.84,17178.69
28.02.2021 21:00:00 +01:00,18347.64,16973.89
28.02.2021 22:00:00 +01:00,17966.46,16625.37
28.02.2021 23:00:00 +01:00,17557.12,16293.48
01.03.2021 00:00:00 +01:00,17391.65,15882.69
01.03.2021 01:00:00 +01:00,17520.31,15649.43
01.03.2021 02:00:00 +01:00,17121.28,15578.15
01.03.2021 03:00:00 +01:00,17047.16,15626.00
01.03.2021 04:00:00 +01:00,17315.67,15768.22
01.03.2021 05:00:00 +01:00,18209.31,16190.39
01.03.2021 06:00:00 +01:00,19715.53,17415.58
01.03.2021 07:00:00 +01:00,21824.33,18671.14
01.03.2021 08:00:00 +01:00,22895.48,19113.75
01.03.2021 09:00:00 +01:00,22575.64,19018.73
01.03.2021 10:00:00 +01:00,22131.48,18737.59
01.03.2021 11:00:00 +01:00,21689.64,18350.74
01.03.2021 12:00:00 +01:00,21458.65,18281.76
01.03.2021 13:00:00 +01:00,21422.35,18060.63
01.03.2021 14:00:00 +01:00,21097.49,18152.73
01.03.2021 15:00:00 +01:00,20666.81,18063.93
01.03.2021 16:00:00 +01:00,20702.55,18136.75
01.03.2021 17:00:00 +01:00,20915.82,18130.64
01.03.2021 18:00:00 +01:00,21722.66,18273.28
01.03.2021 19:00:00 +01:00,20679.30,18213.02
01.03.2021 20:00:00 +01:00,19364.57,17920.57
01.03.2021 21:00:00 +01:00,18996.34,17622.85
01.03.2021 22:00:00 +01:00,17998.46,17058.20
01.03.2021 23:00:00 +01:00,17234.28,16409.26
02.03.2021 00:00:00 +01:00,16950.79,15919.67
02.03.2021 01:00:00 +01:00,16608.09,15583.53
02.03.2021 02:00:00 +01:00,16619.08,15472.92
02.03.2021 03:00:00 +01:00,16782.28,15493.97
02.03.2021 04:00:00 +01:00,17414.52,15582.64
02.03.2021 05:00:00 +01:00,18913.39,16042.36
02.03.2021 06:00:00 +01:00,20988.50,17162.22
02.03.2021 07:00:00 +01:00,22636.44,18423.20
02.03.2021 08:00:00 +01:00,22798.30,18692.24
02.03.2021 09:00:00 +01:00,23090.64,18424.43
02.03.2021 10:00:00 +01:00,22834.74,14750.74
02.03.2021 11:00:00 +01:00,23059.48,17768.28
02.03.2021 12:00:00 +01:00,22694.92,17467.87
02.03.2021 13:00:00 +01:00,22264.87,17296.81
02.03.2021 14:00:00 +01:00,21675.52,17207.27
02.03.2021 15:00:00 +01:00,21385.40,17191.51
02.03.2021 16:00:00 +01:00,21447.18,17301.91
02.03.2021 17:00:00 +01:00,22350.93,17471.85
02.03.2021 18:00:00 +01:00,23370.07,17842.08
02.03.2021 19:00:00 +01:00,22843.27,17886.55
02.03.2021 20:00:00 +01:00,21772.56,17768.51
02.03.2021 21:00:00 +01:00,20613.73,17545.24
02.03.2021 22:00:00 +01:00,19466.08,17127.53
02.03.2021 23:00:00 +01:00,18340.89,16611.97
03.03.2021 00:00:00 +01:00,17749.32,16115.17
03.03.2021 01:00:00 +01:00,17622.51,15815.25
03.03.2021 02:00:00 +01:00,17406.05,15695.69
03.03.2021 03:00:00 +01:00,17423.23,15742.43
03.03.2021 04:00:00 +01:00,17894.17,15873.28
03.03.2021 05:00:00 +01:00,18790.34,16318.00
03.03.2021 06:00:00 +01:00,21179.29,17483.64
03.03.2021 07:00:00 +01:00,23222.23,18725.08
03.03.2021 08:00:00 +01:00,23602.79,19165.96
03.03.2021 09:00:00 +01:00,24040.51,19082.06
03.03.2021 10:00:00 +01:00,24127.24,18950.34
03.03.2021 11:00:00 +01:00,23915.93,18662.23
03.03.2021 12:00:00 +01:00,23719.30,18645.08
03.03.2021 13:00:00 +01:00,23059.34,18572.78
03.03.2021 14:00:00 +01:00,22807.00,18473.21
03.03.2021 15:00:00 +01:00,22680.87,18425.31
03.03.2021 16:00:00 +01:00,23152.93,18592.91
03.03.2021 17:00:00 +01:00,24120.03,18758.63
03.03.2021 18:00:00 +01:00,24627.51,18943.23
03.03.2021 19:00:00 +01:00,23563.96,19080.60
03.03.2021 20:00:00 +01:00,21068.47,18924.89
03.03.2021 21:00:00 +01:00,20524.95,18571.68
03.03.2021 22:00:00 +01:00,20102.97,17972.00
03.03.2021 23:00:00 +01:00,18991.35,17397.95
04.03.2021 00:00:00 +01:00,17996.22,16779.67
04.03.2021 01:00:00 +01:00,17650.01,16504.12
04.03.2021 02:00:00 +01:00,17312.49,16376.57
04.03.2021 03:00:00 +01:00,17658.84,16472.71
04.03.2021 04:00:00 +01:00,17944.67,16711.92
04.03.2021 05:00:00 +01:00,18330.40,17208.86
04.03.2021 06:00:00 +01:00,20529.76,18422.07
04.03.2021 07:00:00 +01:00,22852.28,19577.40
04.03.2021 08:00:00 +01:00,23247.78,19981.59
04.03.2021 09:00:00 +01:00,23091.78,19754.89
04.03.2021 10:00:00 +01:00,22848.72,19371.14
04.03.2021 11:00:00 +01:00,22662.41,19013.66
04.03.2021 12:00:00 +01:00,22664.73,18601.70
04.03.2021 13:00:00 +01:00,22419.40,18402.66
04.03.2021 14:00:00 +01:00,22535.11,18283.58
04.03.2021 15:00:00 +01:00,22576.68,18355.91
04.03.2021 16:00:00 +01:00,22480.82,18466.23
04.03.2021 17:00:00 +01:00,23467.33,18686.73
04.03.2021 18:00:00 +01:00,24299.98,19127.34
04.03.2021 19:00:00 +01:00,23273.86,19238.67
04.03.2021 20:00:00 +01:00,21687.94,19073.85
04.03.2021 21:00:00 +01:00,20669.18,18749.59
04.03.2021 22:00:00 +01:00,19823.35,18284.88
04.03.2021 23:00:00 +01:00,18718.93,17759.60
05.03.2021 00:00:00 +01:00,17874.87,17341.01
05.03.2021 01:00:00 +01:00,17674.52,17043.81
05.03.2021 02:00:00 +01:00,17696.00,16985.22
05.03.2021 03:00:00 +01:00,17995.34,16954.84
05.03.2021 04:00:00 +01:00,18909.22,17123.25
05.03.2021 05:00:00 +01:00,20273.32,17568.83
05.03.2021 06:00:00 +01:00,22223.32,18688.59
05.03.2021 07:00:00 +01:00,23434.04,19853.19
05.03.2021 08:00:00 +01:00,23516.52,20167.35
05.03.2021 09:00:00 +01:00,24380.54,20026.95
05.03.2021 10:00:00 +01:00,24550.19,19692.02
05.03.2021 11:00:00 +01:00,24536.50,19287.12
05.03.2021 12:00:00 +01:00,24507.18,18934.38
05.03.2021 13:00:00 +01:00,23983.49,18688.81
05.03.2021 14:00:00 +01:00,23676.73,18436.56
05.03.2021 15:00:00 +01:00,23485.26,18423.39
05.03.2021 16:00:00 +01:00,23747.78,18470.33
05.03.2021 17:00:00 +01:00,23924.32,18744.32
05.03.2021 18:00:00 +01:00,24194.25,19178.75
05.03.2021 19:00:00 +01:00,23872.54,19224.26
05.03.2021 20:00:00 +01:00,22557.08,18846.39
05.03.2021 21:00:00 +01:00,21369.75,18386.64
05.03.2021 22:00:00 +01:00,20075.00,17931.84
05.03.2021 23:00:00 +01:00,19067.85,17445.87
06.03.2021 00:00:00 +01:00,18862.25,16859.60
06.03.2021 01:00:00 +01:00,18629.92,16662.33
06.03.2021 02:00:00 +01:00,18346.06,16489.88
06.03.2021 03:00:00 +01:00,17802.47,16383.07
06.03.2021 04:00:00 +01:00,17942.32,16390.31
06.03.2021 05:00:00 +01:00,17801.90,16549.40
06.03.2021 06:00:00 +01:00,17960.28,16833.02
06.03.2021 07:00:00 +01:00,18438.91,17039.81
06.03.2021 08:00:00 +01:00,19055.33,17596.32
06.03.2021 09:00:00 +01:00,19058.01,18159.86
06.03.2021 10:00:00 +01:00,18680.65,18476.60
06.03.2021 11:00:00 +01:00,17903.82,18412.19
06.03.2021 12:00:00 +01:00,17107.28,18371.61
06.03.2021 13:00:00 +01:00,17099.50,18082.86
06.03.2021 14:00:00 +01:00,16933.45,17940.21
06.03.2021 15:00:00 +01:00,16837.38,17901.89
06.03.2021 16:00:00 +01:00,16901.26,18005.58
06.03.2021 17:00:00 +01:00,18043.48,18198.16
06.03.2021 18:00:00 +01:00,18407.82,18571.31
06.03.2021 19:00:00 +01:00,17800.56,18514.71
06.03.2021 20:00:00 +01:00,16570.42,18056.84
06.03.2021 21:00:00 +01:00,16006.83,17551.53
06.03.2021 22:00:00 +01:00,15667.52,17166.00
06.03.2021 23:00:00 +01:00,15195.16,16846.10
07.03.2021 00:00:00 +01:00,14007.40,16524.65
07.03.2021 01:00:00 +01:00,13748.40,16328.75
07.03.2021 02:00:00 +01:00,13788.22,16287.38
07.03.2021 03:00:00 +01:00,13696.91,16321.67
07.03.2021 04:00:00 +01:00,13880.35,16382.70
07.03.2021 05:00:00 +01:00,13978.22,16508.34
07.03.2021 06:00:00 +01:00,14147.70,16853.12
07.03.2021 07:00:00 +01:00,14098.47,16959.98
07.03.2021 08:00:00 +01:00,14585.82,17338.04
07.03.2021 09:00:00 +01:00,15340.89,17684.84
07.03.2021 10:00:00 +01:00,15045.14,17801.97
07.03.2021 11:00:00 +01:00,15529.19,17656.35
07.03.2021 12:00:00 +01:00,15623.19,17473.46
07.03.2021 13:00:00 +01:00,14584.93,17124.96
07.03.2021 14:00:00 +01:00,14877.60,17040.62
07.03.2021 15:00:00 +01:00,15951.08,16950.30
07.03.2021 16:00:00 +01:00,17238.98,17234.20
07.03.2021 17:00:00 +01:00,18575.75,17642.72
07.03.2021 18:00:00 +01:00,20153.58,18362.52
07.03.2021 19:00:00 +01:00,20452.26,18659.93
07.03.2021 20:00:00 +01:00,19939.32,18734.44
07.03.2021 21:00:00 +01:00,19814.79,18475.56
07.03.2021 22:00:00 +01:00,19650.95,18147.69
07.03.2021 23:00:00 +01:00,19402.34,17686.24
08.03.2021 00:00:00 +01:00,19100.77,17366.93
08.03.2021 01:00:00 +01:00,18836.42,17144.76
08.03.2021 02:00:00 +01:00,19062.07,17093.35
08.03.2021 03:00:00 +01:00,19504.25,17204.44
08.03.2021 04:00:00 +01:00,19977.19,17400.46
08.03.2021 05:00:00 +01:00,21432.48,17965.05
08.03.2021 06:00:00 +01:00,23331.51,19217.48
08.03.2021 07:00:00 +01:00,24479.37,20563.57
08.03.2021 08:00:00 +01:00,24460.12,20781.11
08.03.2021 09:00:00 +01:00,24251.20,20401.04
08.03.2021 10:00:00 +01:00,24170.55,19897.27
08.03.2021 11:00:00 +01:00,23910.18,19364.04
08.03.2021 12:00:00 +01:00,23797.06,18983.74
08.03.2021 13:00:00 +01:00,23923.28,18737.34
08.03.2021 14:00:00 +01:00,23809.05,18797.90
08.03.2021 15:00:00 +01:00,23717.68,18793.62
08.03.2021 16:00:00 +01:00,23617.81,18881.93
08.03.2021 17:00:00 +01:00,23897.57,19063.86
08.03.2021 18:00:00 +01:00,24118.84,19442.65
08.03.2021 19:00:00 +01:00,23887.87,19610.44
08.03.2021 20:00:00 +01:00,23734.14,19436.73
08.03.2021 21:00:00 +01:00,23613.96,19111.20
08.03.2021 22:00:00 +01:00,22508.59,18595.13
08.03.2021 23:00:00 +01:00,20813.65,17960.83
09.03.2021 00:00:00 +01:00,20457.41,17422.87
09.03.2021 01:00:00 +01:00,20186.58,17134.03
09.03.2021 02:00:00 +01:00,19875.55,17077.80
09.03.2021 03:00:00 +01:00,19958.83,17029.26
09.03.2021 04:00:00 +01:00,20319.97,17160.91
09.03.2021 05:00:00 +01:00,21427.57,17596.93
09.03.2021 06:00:00 +01:00,23310.74,18819.93
09.03.2021 07:00:00 +01:00,24047.54,20098.78
09.03.2021 08:00:00 +01:00,24277.77,20460.02
09.03.2021 09:00:00 +01:00,24225.97,19947.47
09.03.2021 10:00:00 +01:00,23728.00,19142.15
09.03.2021 11:00:00 +01:00,23518.06,18976.44
09.03.2021 12:00:00 +01:00,23299.61,18536.80
09.03.2021 13:00:00 +01:00,23414.63,18257.69
09.03.2021 14:00:00 +01:00,23700.77,18130.56
09.03.2021 15:00:00 +01:00,23848.68,18159.97
09.03.2021 16:00:00 +01:00,23865.85,18332.99
09.03.2021 17:00:00 +01:00,23887.21,18442.53
09.03.2021 18:00:00 +01:00,23962.11,18771.48
09.03.2021 19:00:00 +01:00,23351.91,18903.55
09.03.2021 20:00:00 +01:00,23788.23,18858.99
09.03.2021 21:00:00 +01:00,23457.54,18663.69
09.03.2021 22:00:00 +01:00,22375.83,18114.49
09.03.2021 23:00:00 +01:00,21065.08,17523.46
10.03.2021 00:00:00 +01:00,20443.45,17077.82
10.03.2021 01:00:00 +01:00,19798.46,16824.76
10.03.2021 02:00:00 +01:00,19724.28,16840.43
10.03.2021 03:00:00 +01:00,19609.41,16889.75
10.03.2021 04:00:00 +01:00,19862.56,17022.84
10.03.2021 05:00:00 +01:00,20751.16,17490.95
10.03.2021 06:00:00 +01:00,22653.56,18714.17
10.03.2021 07:00:00 +01:00,24131.49,20042.42
10.03.2021 08:00:00 +01:00,24347.43,20526.37
10.03.2021 09:00:00 +01:00,24725.15,20649.71
10.03.2021 10:00:00 +01:00,24753.48,20572.39
10.03.2021 11:00:00 +01:00,24302.86,20327.79
10.03.2021 12:00:00 +01:00,23702.00,20282.48
10.03.2021 13:00:00 +01:00,23422.07,20217.87
10.03.2021 14:00:00 +01:00,23018.49,20202.74
10.03.2021 15:00:00 +01:00,23041.90,20288.21
10.03.2021 16:00:00 +01:00,22723.50,20410.89
10.03.2021 17:00:00 +01:00,22611.93,20358.22
10.03.2021 18:00:00 +01:00,22399.09,20444.31
10.03.2021 19:00:00 +01:00,21327.47,20239.57
10.03.2021 20:00:00 +01:00,19724.01,19962.67
10.03.2021 21:00:00 +01:00,18499.47,19681.42
10.03.2021 22:00:00 +01:00,16940.32,19087.37
10.03.2021 23:00:00 +01:00,14727.77,18493.87
11.03.2021 00:00:00 +01:00,13406.23,17909.70
11.03.2021 01:00:00 +01:00,12607.89,17613.59
11.03.2021 02:00:00 +01:00,12252.79,17546.84
11.03.2021 03:00:00 +01:00,12159.38,17496.55
11.03.2021 04:00:00 +01:00,12397.46,17575.21
11.03.2021 05:00:00 +01:00,12943.15,17970.43
11.03.2021 06:00:00 +01:00,14787.54,18981.97
11.03.2021 07:00:00 +01:00,17659.89,20029.20
11.03.2021 08:00:00 +01:00,19358.60,20484.12
11.03.2021 09:00:00 +01:00,19584.99,20436.66
11.03.2021 10:00:00 +01:00,18782.59,20258.07
11.03.2021 11:00:00 +01:00,18729.51,20115.48
11.03.2021 12:00:00 +01:00,18279.93,19213.27
11.03.2021 13:00:00 +01:00,17232.14,19832.19
11.03.2021 14:00:00 +01:00,17164.63,19855.15
11.03.2021 15:00:00 +01:00,17477.32,19800.26
11.03.2021 16:00:00 +01:00,17790.92,19770.95
11.03.2021 17:00:00 +01:00,18909.64,19678.01
11.03.2021 18:00:00 +01:00,20364.65,19701.76
11.03.2021 19:00:00 +01:00,18766.31,19634.54
11.03.2021 20:00:00 +01:00,17358.26,19279.17
11.03.2021 21:00:00 +01:00,16696.96,18828.65
11.03.2021 22:00:00 +01:00,15371.47,18161.03
11.03.2021 23:00:00 +01:00,13364.16,17526.87
12.03.2021 00:00:00 +01:00,12383.26,17008.07
12.03.2021 01:00:00 +01:00,11823.31,16624.51
12.03.2021 02:00:00 +01:00,11587.67,16469.00
12.03.2021 03:00:00 +01:00,11450.76,16455.51
12.03.2021 04:00:00 +01:00,11881.93,16593.58
12.03.2021 05:00:00 +01:00,13151.10,17015.14
12.03.2021 06:00:00 +01:00,16060.81,18166.48
12.03.2021 07:00:00 +01:00,18818.15,19423.37
12.03.2021 08:00:00 +01:00,18818.11,19813.73
12.03.2021 09:00:00 +01:00,17622.19,19530.96
12.03.2021 10:00:00 +01:00,17172.84,19137.98
12.03.2021 11:00:00 +01:00,16673.85,18723.48
12.03.2021 12:00:00 +01:00,16384.12,18394.15
12.03.2021 13:00:00 +01:00,16045.52,18206.96
12.03.2021 14:00:00 +01:00,15601.11,18082.21
12.03.2021 15:00:00 +01:00,15461.90,17960.83
12.03.2021 16:00:00 +01:00,16532.50,17978.98
12.03.2021 17:00:00 +01:00,18521.11,18104.97
12.03.2021 18:00:00 +01:00,20323.85,18442.32
12.03.2021 19:00:00 +01:00,20854.27,18495.30
12.03.2021 20:00:00 +01:00,19101.41,18192.49
12.03.2021 21:00:00 +01:00,17437.54,17781.28
12.03.2021 22:00:00 +01:00,15653.61,17306.26
12.03.2021 23:00:00 +01:00,14199.28,16850.14
13.03.2021 00:00:00 +01:00,13386.04,16463.50
13.03.2021 01:00:00 +01:00,12399.79,16292.82
13.03.2021 02:00:00 +01:00,12172.43,16180.30
13.03.2021 03:00:00 +01:00,12115.78,16147.11
13.03.2021 04:00:00 +01:00,12555.02,16213.34
13.03.2021 05:00:00 +01:00,13102.96,16409.69
13.03.2021 06:00:00 +01:00,13134.29,16679.18
13.03.2021 07:00:00 +01:00,13822.13,16928.68
13.03.2021 08:00:00 +01:00,14782.68,17480.02
13.03.2021 09:00:00 +01:00,15712.04,17907.48
13.03.2021 10:00:00 +01:00,16037.68,18003.97
13.03.2021 11:00:00 +01:00,15784.45,17817.05
13.03.2021 12:00:00 +01:00,15508.88,17465.57
13.03.2021 13:00:00 +01:00,15256.74,17348.23
13.03.2021 14:00:00 +01:00,15006.92,17198.64
13.03.2021 15:00:00 +01:00,15011.11,17125.22
13.03.2021 16:00:00 +01:00,15568.64,17218.45
13.03.2021 17:00:00 +01:00,16281.75,17532.73
13.03.2021 18:00:00 +01:00,17510.91,17995.37
13.03.2021 19:00:00 +01:00,17396.51,18089.69
13.03.2021 20:00:00 +01:00,15699.42,17640.93
13.03.2021 21:00:00 +01:00,15083.17,17273.11
13.03.2021 22:00:00 +01:00,14267.85,16999.57
13.03.2021 23:00:00 +01:00,13662.81,16677.55
14.03.2021 00:00:00 +01:00,13483.39,16390.66
14.03.2021 01:00:00 +01:00,13200.03,16117.07
14.03.2021 02:00:00 +01:00,13026.58,15976.50
14.03.2021 03:00:00 +01:00,12917.71,15931.56
14.03.2021 04:00:00 +01:00,13041.18,16005.74
14.03.2021 05:00:00 +01:00,13386.34,16179.12
14.03.2021 06:00:00 +01:00,12796.35,16370.65
14.03.2021 07:00:00 +01:00,13403.68,16555.18
14.03.2021 08:00:00 +01:00,14083.28,16952.16
14.03.2021 09:00:00 +01:00,14553.48,17235.36
14.03.2021 10:00:00 +01:00,14744.02,17360.05
14.03.2021 11:00:00 +01:00,14668.38,17152.47
14.03.2021 12:00:00 +01:00,13965.28,16839.43
14.03.2021 13:00:00 +01:00,13732.18,16662.51
14.03.2021 14:00:00 +01:00,13619.40,16559.40
14.03.2021 15:00:00 +01:00,13833.33,16706.02
14.03.2021 16:00:00 +01:00,14912.40,16865.10
14.03.2021 17:00:00 +01:00,16738.06,17102.32
14.03.2021 18:00:00 +01:00,19324.00,17507.50
14.03.2021 19:00:00 +01:00,19909.10,17751.74
14.03.2021 20:00:00 +01:00,19175.40,17593.80
14.03.2021 21:00:00 +01:00,18092.16,17332.92
14.03.2021 22:00:00 +01:00,17360.52,16946.99
14.03.2021 23:00:00 +01:00,16511.24,16547.57
15.03.2021 00:00:00 +01:00,16274.44,16112.33
15.03.2021 01:00:00 +01:00,15716.19,15877.14
15.03.2021 02:00:00 +01:00,15379.89,15832.65
15.03.2021 03:00:00 +01:00,15052.73,15909.55
15.03.2021 04:00:00 +01:00,15823.73,16221.30
15.03.2021 05:00:00 +01:00,18023.08,16632.68
15.03.2021 06:00:00 +01:00,21054.73,17793.56
15.03.2021 07:00:00 +01:00,23225.63,19147.94
15.03.2021 08:00:00 +01:00,23888.73,19414.38
15.03.2021 09:00:00 +01:00,23742.82,18967.59
15.03.2021 10:00:00 +01:00,23329.52,18518.26
15.03.2021 11:00:00 +01:00,22822.60,18007.56
15.03.2021 12:00:00 +01:00,22198.27,17718.90
15.03.2021 13:00:00 +01:00,21410.01,17549.88
15.03.2021 14:00:00 +01:00,20354.58,17411.12
15.03.2021 15:00:00 +01:00,20066.57,17421.13
15.03.2021 16:00:00 +01:00,21350.51,17558.41
15.03.2021 17:00:00 +01:00,22203.02,17398.70
15.03.2021 18:00:00 +01:00,22810.40,17858.20
15.03.2021 19:00:00 +01:00,22990.52,18161.64
15.03.2021 20:00:00 +01:00,21986.01,18030.44
15.03.2021 21:00:00 +01:00,20725.03,17719.95
15.03.2021 22:00:00 +01:00,19673.50,17218.06
15.03.2021 23:00:00 +01:00,18649.26,16643.56
16.03.2021 00:00:00 +01:00,18934.72,16230.05
16.03.2021 01:00:00 +01:00,18395.01,15933.80
16.03.2021 02:00:00 +01:00,18624.54,15803.43
16.03.2021 03:00:00 +01:00,18812.56,15873.34
16.03.2021 04:00:00 +01:00,18975.97,16045.25
16.03.2021 05:00:00 +01:00,19844.20,16528.40
16.03.2021 06:00:00 +01:00,22019.10,17765.52
16.03.2021 07:00:00 +01:00,23577.79,19033.59
16.03.2021 08:00:00 +01:00,23464.28,19346.65
16.03.2021 09:00:00 +01:00,23482.82,19045.49
16.03.2021 10:00:00 +01:00,23114.15,18023.26
16.03.2021 11:00:00 +01:00,22569.91,18355.01
16.03.2021 12:00:00 +01:00,22191.72,17981.52
16.03.2021 13:00:00 +01:00,21824.79,17821.29
16.03.2021 14:00:00 +01:00,21967.05,17725.87
16.03.2021 15:00:00 +01:00,22168.53,17567.78
16.03.2021 16:00:00 +01:00,22599.36,17774.58
16.03.2021 17:00:00 +01:00,23462.07,17826.48
16.03.2021 18:00:00 +01:00,23873.16,18118.90
16.03.2021 19:00:00 +01:00,24185.94,18384.73
16.03.2021 20:00:00 +01:00,23691.11,18249.85
16.03.2021 21:00:00 +01:00,22507.34,17973.27
16.03.2021 22:00:00 +01:00,21377.46,17475.13
16.03.2021 23:00:00 +01:00,20196.91,16849.89
17.03.2021 00:00:00 +01:00,19628.36,16394.79
17.03.2021 01:00:00 +01:00,19524.15,16232.36
17.03.2021 02:00:00 +01:00,19491.54,16165.22
17.03.2021 03:00:00 +01:00,19462.79,16222.91
17.03.2021 04:00:00 +01:00,19679.58,16420.08
17.03.2021 05:00:00 +01:00,21071.43,16881.16
17.03.2021 06:00:00 +01:00,23106.67,18096.03
17.03.2021 07:00:00 +01:00,23502.30,19362.08
17.03.2021 08:00:00 +01:00,23669.35,19552.84
17.03.2021 09:00:00 +01:00,23628.65,19176.74
17.03.2021 10:00:00 +01:00,23735.34,18654.36
17.03.2021 11:00:00 +01:00,23708.85,18186.18
17.03.2021 12:00:00 +01:00,23347.61,17905.26
17.03.2021 13:00:00 +01:00,23147.96,17671.45
17.03.2021 14:00:00 +01:00,22896.38,17605.15
17.03.2021 15:00:00 +01:00,22891.48,17516.85
17.03.2021 16:00:00 +01:00,23430.68,17647.47
17.03.2021 17:00:00 +01:00,23671.30,17707.05
17.03.2021 18:00:00 +01:00,23691.68,18053.89
17.03.2021 19:00:00 +01:00,23684.39,18400.09
17.03.2021 20:00:00 +01:00,22692.54,18368.03
17.03.2021 21:00:00 +01:00,21896.93,18157.52
17.03.2021 22:00:00 +01:00,20661.56,17682.16
17.03.2021 23:00:00 +01:00,19197.89,16983.11
18.03.2021 00:00:00 +01:00,18870.78,16438.02
18.03.2021 01:00:00 +01:00,18575.99,16125.02
18.03.2021 02:00:00 +01:00,18296.11,15930.21
18.03.2021 03:00:00 +01:00,18520.48,15968.99
18.03.2021 04:00:00 +01:00,19162.46,16159.31
18.03.2021 05:00:00 +01:00,20227.31,16638.06
18.03.2021 06:00:00 +01:00,22374.22,17745.89
18.03.2021 07:00:00 +01:00,24154.38,18964.38
18.03.2021 08:00:00 +01:00,24612.25,19198.30
18.03.2021 09:00:00 +01:00,24438.08,18892.00
18.03.2021 10:00:00 +01:00,23789.17,18259.69
18.03.2021 11:00:00 +01:00,23209.08,18259.94
18.03.2021 12:00:00 +01:00,22917.11,17978.78
18.03.2021 13:00:00 +01:00,22438.52,17653.33
18.03.2021 14:00:00 +01:00,22157.75,17633.37
18.03.2021 15:00:00 +01:00,22228.67,17615.19
18.03.2021 16:00:00 +01:00,22141.10,17690.95
18.03.2021 17:00:00 +01:00,22333.81,17613.94
18.03.2021 18:00:00 +01:00,22670.13,17904.29
18.03.2021 19:00:00 +01:00,22979.17,18249.86
18.03.2021 20:00:00 +01:00,22076.62,18165.73
18.03.2021 21:00:00 +01:00,20569.44,17796.36
18.03.2021 22:00:00 +01:00,19302.13,17211.56
18.03.2021 23:00:00 +01:00,18428.29,16649.19
19.03.2021 00:00:00 +01:00,17919.48,16223.18
19.03.2021 01:00:00 +01:00,17630.79,15957.67
19.03.2021 02:00:00 +01:00,17795.23,15844.69
19.03.2021 03:00:00 +01:00,18168.65,15932.69
19.03.2021 04:00:00 +01:00,18791.95,16108.61
19.03.2021 05:00:00 +01:00,20381.77,16595.06
19.03.2021 06:00:00 +01:00,21463.28,17777.37
19.03.2021 07:00:00 +01:00,22678.00,19092.29
19.03.2021 08:00:00 +01:00,22677.97,19409.80
19.03.2021 09:00:00 +01:00,22325.99,19179.05
19.03.2021 10:00:00 +01:00,22392.98,18870.44
19.03.2021 11:00:00 +01:00,22316.55,18570.70
19.03.2021 12:00:00 +01:00,22034.30,18311.04
19.03.2021 13:00:00 +01:00,21502.85,18060.46
19.03.2021 14:00:00 +01:00,20958.96,17914.74
19.03.2021 15:00:00 +01:00,21232.54,17865.66
19.03.2021 16:00:00 +01:00,21439.51,17941.80
19.03.2021 17:00:00 +01:00,21402.44,18075.64
19.03.2021 18:00:00 +01:00,21439.80,18289.47
19.03.2021 19:00:00 +01:00,21426.81,18374.28
19.03.2021 20:00:00 +01:00,20838.90,18024.25
19.03.2021 21:00:00 +01:00,19569.29,17551.08
19.03.2021 22:00:00 +01:00,18524.74,17059.27
19.03.2021 23:00:00 +01:00,17578.22,16603.72
20.03.2021 00:00:00 +01:00,17086.11,16095.63
20.03.2021 01:00:00 +01:00,16887.06,15869.23
20.03.2021 02:00:00 +01:00,16830.73,15727.94
20.03.2021 03:00:00 +01:00,16778.94,15682.83
20.03.2021 04:00:00 +01:00,16952.65,15749.37
20.03.2021 05:00:00 +01:00,17209.49,15878.23
20.03.2021 06:00:00 +01:00,17280.36,16101.54
20.03.2021 07:00:00 +01:00,17953.16,16439.00
20.03.2021 08:00:00 +01:00,18596.24,16873.02
20.03.2021 09:00:00 +01:00,18945.38,17180.58
20.03.2021 10:00:00 +01:00,18789.86,17269.98
20.03.2021 11:00:00 +01:00,18600.22,17079.24
20.03.2021 12:00:00 +01:00,18216.24,16797.54
20.03.2021 13:00:00 +01:00,17417.86,16758.43
20.03.2021 14:00:00 +01:00,16458.82,16753.45
20.03.2021 15:00:00 +01:00,16075.36,16677.16
20.03.2021 16:00:00 +01:00,15704.94,16776.92
20.03.2021 17:00:00 +01:00,16365.24,17017.86
20.03.2021 18:00:00 +01:00,17183.83,17271.89
20.03.2021 19:00:00 +01:00,16101.88,17465.26
20.03.2021 20:00:00 +01:00,15119.18,17016.06
20.03.2021 21:00:00 +01:00,14708.47,16649.08
20.03.2021 22:00:00 +01:00,14025.52,16306.04
20.03.2021 23:00:00 +01:00,13662.59,15991.19
21.03.2021 00:00:00 +01:00,13687.83,15702.43
21.03.2021 01:00:00 +01:00,13168.54,15529.43
21.03.2021 02:00:00 +01:00,13053.40,15405.54
21.03.2021 03:00:00 +01:00,13419.05,15440.03
21.03.2021 04:00:00 +01:00,13327.76,15533.96
21.03.2021 05:00:00 +01:00,13312.76,15673.67
21.03.2021 06:00:00 +01:00,12818.02,15613.37
21.03.2021 07:00:00 +01:00,13128.54,15754.31
21.03.2021 08:00:00 +01:00,13384.94,16055.47
21.03.2021 09:00:00 +01:00,13326.25,16361.35
21.03.2021 10:00:00 +01:00,13498.38,16470.81
21.03.2021 11:00:00 +01:00,13465.29,16378.21
21.03.2021 12:00:00 +01:00,13236.94,16274.59
21.03.2021 13:00:00 +01:00,13350.23,16284.23
21.03.2021 14:00:00 +01:00,13335.97,16313.21
21.03.2021 15:00:00 +01:00,13860.70,16426.91
21.03.2021 16:00:00 +01:00,14947.98,16611.06
21.03.2021 17:00:00 +01:00,16398.47,16713.12
21.03.2021 18:00:00 +01:00,17916.43,17122.32
21.03.2021 19:00:00 +01:00,19449.78,17519.32
21.03.2021 20:00:00 +01:00,19032.97,17472.81
21.03.2021 21:00:00 +01:00,18746.77,17241.60
21.03.2021 22:00:00 +01:00,17958.64,16810.98
21.03.2021 23:00:00 +01:00,16951.87,16277.42
22.03.2021 00:00:00 +01:00,17149.11,15819.26
22.03.2021 01:00:00 +01:00,17228.61,15625.74
22.03.2021 02:00:00 +01:00,17312.28,15529.11
22.03.2021 03:00:00 +01:00,17585.06,15575.89
22.03.2021 04:00:00 +01:00,18322.48,15758.60
22.03.2021 05:00:00 +01:00,19137.15,16197.04
22.03.2021 06:00:00 +01:00,21078.77,17231.79
22.03.2021 07:00:00 +01:00,23520.53,18426.87
22.03.2021 08:00:00 +01:00,24122.13,18605.93
22.03.2021 09:00:00 +01:00,23338.09,18057.37
22.03.2021 10:00:00 +01:00,22559.52,17751.69
22.03.2021 11:00:00 +01:00,22238.45,17436.33
22.03.2021 12:00:00 +01:00,21976.81,17222.27
22.03.2021 13:00:00 +01:00,21619.51,16988.64
22.03.2021 14:00:00 +01:00,21525.37,16820.73
22.03.2021 15:00:00 +01:00,21271.84,16889.56
22.03.2021 16:00:00 +01:00,21679.05,16975.73
22.03.2021 17:00:00 +01:00,21971.37,16933.82
22.03.2021 18:00:00 +01:00,22295.46,17019.58
22.03.2021 19:00:00 +01:00,21985.21,17289.33
22.03.2021 20:00:00 +01:00,20041.49,17163.17
22.03.2021 21:00:00 +01:00,18649.79,16806.24
22.03.2021 22:00:00 +01:00,17596.06,16276.85
22.03.2021 23:00:00 +01:00,17184.19,15741.84
23.03.2021 00:00:00 +01:00,16418.43,15266.02
23.03.2021 01:00:00 +01:00,16203.66,15019.74
23.03.2021 02:00:00 +01:00,15925.53,14903.30
23.03.2021 03:00:00 +01:00,16320.72,14923.41
23.03.2021 04:00:00 +01:00,16936.71,15087.77
23.03.2021 05:00:00 +01:00,17691.73,15424.24
23.03.2021 06:00:00 +01:00,19644.50,16471.43
23.03.2021 07:00:00 +01:00,21625.97,17664.07
23.03.2021 08:00:00 +01:00,21776.37,17869.97
23.03.2021 09:00:00 +01:00,21213.38,17511.90
23.03.2021 10:00:00 +01:00,20546.92,16614.46
23.03.2021 11:00:00 +01:00,19730.48,16795.71
23.03.2021 12:00:00 +01:00,18823.77,16472.19
23.03.2021 13:00:00 +01:00,18458.23,16450.34
23.03.2021 14:00:00 +01:00,18204.17,16383.57
23.03.2021 15:00:00 +01:00,18307.21,16424.02
23.03.2021 16:00:00 +01:00,18548.38,16521.25
23.03.2021 17:00:00 +01:00,19288.46,16494.68
23.03.2021 18:00:00 +01:00,19887.80,16588.77
23.03.2021 19:00:00 +01:00,19035.65,16937.46
23.03.2021 20:00:00 +01:00,18108.46,16884.03
23.03.2021 21:00:00 +01:00,17457.70,16580.60
23.03.2021 22:00:00 +01:00,16612.42,16056.95
23.03.2021 23:00:00 +01:00,15437.16,15387.76
24.03.2021 00:00:00 +01:00,14701.00,15058.00
24.03.2021 01:00:00 +01:00,14431.12,14813.57
24.03.2021 02:00:00 +01:00,14058.00,14695.43
24.03.2021 03:00:00 +01:00,14026.05,14659.85
24.03.2021 04:00:00 +01:00,14858.44,14764.45
24.03.2021 05:00:00 +01:00,16144.75,15174.60
24.03.2021 06:00:00 +01:00,17793.88,16151.64
24.03.2021 07:00:00 +01:00,19269.60,17222.56
24.03.2021 08:00:00 +01:00,19423.79,17429.18
24.03.2021 09:00:00 +01:00,19035.32,17172.47
24.03.2021 10:00:00 +01:00,18357.14,16817.96
24.03.2021 11:00:00 +01:00,17723.06,16578.90
24.03.2021 12:00:00 +01:00,16915.72,16523.64
24.03.2021 13:00:00 +01:00,16196.43,16383.37
24.03.2021 14:00:00 +01:00,15894.01,16240.56
24.03.2021 15:00:00 +01:00,16314.68,16298.85
24.03.2021 16:00:00 +01:00,17296.67,16397.36
24.03.2021 17:00:00 +01:00,18500.34,16465.23
24.03.2021 18:00:00 +01:00,19465.07,16724.00
24.03.2021 19:00:00 +01:00,18944.46,17196.07
24.03.2021 20:00:00 +01:00,18466.90,17131.18
24.03.2021 21:00:00 +01:00,17608.23,16797.28
24.03.2021 22:00:00 +01:00,17030.54,16317.90
24.03.2021 23:00:00 +01:00,16161.85,15700.27
25.03.2021 00:00:00 +01:00,15997.62,15308.97
25.03.2021 01:00:00 +01:00,15827.36,15101.84
25.03.2021 02:00:00 +01:00,15896.00,15047.66
25.03.2021 03:00:00 +01:00,15924.31,15089.33
25.03.2021 04:00:00 +01:00,16067.55,15214.67
25.03.2021 05:00:00 +01:00,16914.80,15643.63
25.03.2021 06:00:00 +01:00,18525.83,16552.28
25.03.2021 07:00:00 +01:00,20749.91,17733.75
25.03.2021 08:00:00 +01:00,21730.82,18079.65
25.03.2021 09:00:00 +01:00,21255.05,17843.28
25.03.2021 10:00:00 +01:00,20830.87,17302.53
25.03.2021 11:00:00 +01:00,20125.54,17294.00
25.03.2021 12:00:00 +01:00,19515.26,16973.11
25.03.2021 13:00:00 +01:00,18752.01,16769.92
25.03.2021 14:00:00 +01:00,18399.67,16681.65
25.03.2021 15:00:00 +01:00,19204.52,16748.22
25.03.2021 16:00:00 +01:00,19384.07,16849.27
25.03.2021 17:00:00 +01:00,19952.78,16824.91
25.03.2021 18:00:00 +01:00,20542.48,16945.33
25.03.2021 19:00:00 +01:00,20507.70,17272.74
25.03.2021 20:00:00 +01:00,19683.27,17181.62
25.03.2021 21:00:00 +01:00,19110.50,16883.38
25.03.2021 22:00:00 +01:00,18355.85,16478.95
25.03.2021 23:00:00 +01:00,17271.95,15884.12
26.03.2021 00:00:00 +01:00,16641.57,15442.33
26.03.2021 01:00:00 +01:00,16379.80,15168.84
26.03.2021 02:00:00 +01:00,16376.12,15100.16
26.03.2021 03:00:00 +01:00,16498.45,15107.98
26.03.2021 04:00:00 +01:00,17358.60,15241.60
26.03.2021 05:00:00 +01:00,18409.88,15572.38
26.03.2021 06:00:00 +01:00,20373.81,16527.02
26.03.2021 07:00:00 +01:00,21911.68,17629.91
26.03.2021 08:00:00 +01:00,22074.30,18039.48
26.03.2021 09:00:00 +01:00,21278.76,17950.81
26.03.2021 10:00:00 +01:00,20632.99,17867.73
26.03.2021 11:00:00 +01:00,18564.42,17752.82
26.03.2021 12:00:00 +01:00,16686.80,17657.06
26.03.2021 13:00:00 +01:00,16138.62,17545.89
26.03.2021 14:00:00 +01:00,17020.74,17503.15
26.03.2021 15:00:00 +01:00,18058.54,17467.53
26.03.2021 16:00:00 +01:00,18564.61,17242.51
26.03.2021 17:00:00 +01:00,18743.37,17509.37
26.03.2021 18:00:00 +01:00,19174.09,17474.34
26.03.2021 19:00:00 +01:00,18449.28,17500.51
26.03.2021 20:00:00 +01:00,17155.23,17098.39
26.03.2021 21:00:00 +01:00,16260.08,16598.17
26.03.2021 22:00:00 +01:00,14887.23,15996.08
26.03.2021 23:00:00 +01:00,13758.47,15555.26
27.03.2021 00:00:00 +01:00,13491.62,15177.54
27.03.2021 01:00:00 +01:00,12999.52,14815.29
27.03.2021 02:00:00 +01:00,12440.67,14640.35
27.03.2021 03:00:00 +01:00,11802.74,14597.70
27.03.2021 04:00:00 +01:00,11475.37,14621.53
27.03.2021 05:00:00 +01:00,11325.43,14717.78
27.03.2021 06:00:00 +01:00,11411.72,14826.68
27.03.2021 07:00:00 +01:00,12109.29,15224.77
27.03.2021 08:00:00 +01:00,12719.32,15792.25
27.03.2021 09:00:00 +01:00,13062.70,16313.50
27.03.2021 10:00:00 +01:00,13911.21,16583.16
27.03.2021 11:00:00 +01:00,14101.43,16611.75
27.03.2021 12:00:00 +01:00,14042.36,16565.14
27.03.2021 13:00:00 +01:00,13655.81,16433.44
27.03.2021 14:00:00 +01:00,12922.91,16227.05
27.03.2021 15:00:00 +01:00,12908.10,16054.15
27.03.2021 16:00:00 +01:00,13956.66,15982.82
27.03.2021 17:00:00 +01:00,14937.13,16185.06
27.03.2021 18:00:00 +01:00,15887.00,16452.37
27.03.2021 19:00:00 +01:00,16338.34,16792.56
27.03.2021 20:00:00 +01:00,15387.06,16602.88
27.03.2021 21:00:00 +01:00,14943.06,16263.61
27.03.2021 22:00:00 +01:00,14390.80,15927.26
27.03.2021 23:00:00 +01:00,13834.21,15596.55
28.03.2021 00:00:00 +01:00,13347.97,15326.03
28.03.2021 01:00:00 +01:00,12761.00,15171.66
28.03.2021 03:00:00 +02:00,12279.68,15079.44
28.03.2021 04:00:00 +02:00,12164.45,15099.66
28.03.2021 05:00:00 +02:00,12253.94,15233.54
28.03.2021 06:00:00 +02:00,12565.03,15203.40
28.03.2021 07:00:00 +02:00,13023.68,15527.52
28.03.2021 08:00:00 +02:00,13985.39,15724.75
28.03.2021 09:00:00 +02:00,14848.45,15949.39
28.03.2021 10:00:00 +02:00,14116.72,16118.48
28.03.2021 11:00:00 +02:00,13712.28,16088.30
28.03.2021 12:00:00 +02:00,13908.89,15984.78
28.03.2021 13:00:00 +02:00,13621.06,15933.50
28.03.2021 14:00:00 +02:00,13704.98,15956.72
28.03.2021 15:00:00 +02:00,13793.00,16146.93
28.03.2021 16:00:00 +02:00,13793.32,16305.74
28.03.2021 17:00:00 +02:00,13741.79,16159.83
28.03.2021 18:00:00 +02:00,14389.91,16118.85
28.03.2021 19:00:00 +02:00,15553.27,16161.02
28.03.2021 20:00:00 +02:00,16004.93,16339.48
28.03.2021 21:00:00 +02:00,15602.44,16126.95
28.03.2021 22:00:00 +02:00,14593.12,15748.99
28.03.2021 23:00:00 +02:00,13602.37,15336.29
29.03.2021 00:00:00 +02:00,12858.94,14955.24
29.03.2021 01:00:00 +02:00,11889.62,14692.22
29.03.2021 02:00:00 +02:00,11273.13,14563.48
29.03.2021 03:00:00 +02:00,11385.85,14591.27
29.03.2021 04:00:00 +02:00,12218.42,14736.45
29.03.2021 05:00:00 +02:00,13301.78,14967.43
29.03.2021 06:00:00 +02:00,15250.69,15724.87
29.03.2021 07:00:00 +02:00,17133.32,16570.52
29.03.2021 08:00:00 +02:00,17970.93,17078.06
29.03.2021 09:00:00 +02:00,17949.10,17121.80
29.03.2021 10:00:00 +02:00,17649.70,17294.19
29.03.2021 11:00:00 +02:00,16867.99,17234.94
29.03.2021 12:00:00 +02:00,15967.31,16945.79
29.03.2021 13:00:00 +02:00,14579.20,16669.51
29.03.2021 14:00:00 +02:00,14208.80,16451.46
29.03.2021 15:00:00 +02:00,13592.17,16289.63
29.03.2021 16:00:00 +02:00,14255.62,16141.95
29.03.2021 17:00:00 +02:00,15271.15,16035.04
29.03.2021 18:00:00 +02:00,15249.79,16049.39
29.03.2021 19:00:00 +02:00,15276.08,16092.21
29.03.2021 20:00:00 +02:00,14951.92,16329.57
29.03.2021 21:00:00 +02:00,14241.00,16132.61
29.03.2021 22:00:00 +02:00,13620.66,15740.86
29.03.2021 23:00:00 +02:00,13116.77,15326.36
30.03.2021 00:00:00 +02:00,13012.28,14614.90
30.03.2021 01:00:00 +02:00,13141.19,14546.94
30.03.2021 02:00:00 +02:00,12947.97,14350.11
30.03.2021 03:00:00 +02:00,12732.36,14171.62
30.03.2021 04:00:00 +02:00,12964.16,14342.73
30.03.2021 05:00:00 +02:00,13827.11,11921.41
30.03.2021 06:00:00 +02:00,15285.64,15258.92
30.03.2021 07:00:00 +02:00,16794.51,14057.64
30.03.2021 08:00:00 +02:00,18068.78,16331.87
30.03.2021 09:00:00 +02:00,18136.23,16484.22
30.03.2021 10:00:00 +02:00,17822.68,15602.87
30.03.2021 11:00:00 +02:00,17278.61,16261.80
30.03.2021 12:00:00 +02:00,16496.86,15832.19
30.03.2021 13:00:00 +02:00,15720.65,15870.83
30.03.2021 14:00:00 +02:00,15390.57,15706.99
30.03.2021 15:00:00 +02:00,15688.13,15656.32
30.03.2021 16:00:00 +02:00,16004.71,15542.32
30.03.2021 17:00:00 +02:00,17075.25,15611.17
30.03.2021 18:00:00 +02:00,17892.96,15682.75
30.03.2021 19:00:00 +02:00,18431.36,15735.53
30.03.2021 20:00:00 +02:00,17872.23,15967.65
30.03.2021 21:00:00 +02:00,17054.15,15749.55
30.03.2021 22:00:00 +02:00,15989.20,15303.82
30.03.2021 23:00:00 +02:00,15651.17,14861.17
31.03.2021 00:00:00 +02:00,15646.64,14474.82
31.03.2021 01:00:00 +02:00,15824.70,14217.75
31.03.2021 02:00:00 +02:00,15701.15,14104.09
31.03.2021 03:00:00 +02:00,15567.81,14079.02
31.03.2021 04:00:00 +02:00,15960.36,14131.74
31.03.2021 05:00:00 +02:00,16129.88,14399.17
31.03.2021 06:00:00 +02:00,17295.86,15020.45
31.03.2021 07:00:00 +02:00,18795.34,15672.41
31.03.2021 08:00:00 +02:00,19485.02,15940.11
31.03.2021 09:00:00 +02:00,19630.66,16505.27
31.03.2021 10:00:00 +02:00,19794.93,16667.08
31.03.2021 11:00:00 +02:00,19566.64,16589.71
31.03.2021 12:00:00 +02:00,19306.90,16359.39
31.03.2021 13:00:00 +02:00,18850.18,16144.29
31.03.2021 14:00:00 +02:00,19378.25,16085.24
31.03.2021 15:00:00 +02:00,19301.68,15767.12
31.03.2021 16:00:00 +02:00,19165.92,16045.45
31.03.2021 17:00:00 +02:00,19657.64,15978.99
31.03.2021 18:00:00 +02:00,19862.07,15948.63
31.03.2021 19:00:00 +02:00,19940.10,15958.13
31.03.2021 20:00:00 +02:00,19305.83,16158.34
31.03.2021 21:00:00 +02:00,18532.74,16074.09
31.03.2021 22:00:00 +02:00,17843.76,15661.04
31.03.2021 23:00:00 +02:00,17146.69,15347.19
01.04.2021 00:00:00 +02:00,16904.00,14923.53
01.04.2021 01:00:00 +02:00,16559.81,14690.03
01.04.2021 02:00:00 +02:00,16407.28,14569.70
01.04.2021 03:00:00 +02:00,16206.78,14603.09
01.04.2021 04:00:00 +02:00,16051.94,14724.98
01.04.2021 05:00:00 +02:00,16603.98,15029.69
01.04.2021 06:00:00 +02:00,18329.78,15432.84
01.04.2021 07:00:00 +02:00,19517.48,15770.80
01.04.2021 08:00:00 +02:00,20294.15,16042.08
01.04.2021 09:00:00 +02:00,20709.91,16308.88
01.04.2021 10:00:00 +02:00,20406.77,16083.21
01.04.2021 11:00:00 +02:00,19688.06,16171.93
01.04.2021 12:00:00 +02:00,17871.40,15848.49
01.04.2021 13:00:00 +02:00,15899.39,15574.69
01.04.2021 14:00:00 +02:00,14610.98,15449.46
01.04.2021 15:00:00 +02:00,15389.10,15375.94
01.04.2021 16:00:00 +02:00,17046.93,15319.56
01.04.2021 17:00:00 +02:00,17625.71,15323.37
01.04.2021 18:00:00 +02:00,18085.74,15422.05
01.04.2021 19:00:00 +02:00,18331.97,15571.37
01.04.2021 20:00:00 +02:00,18065.61,15826.33
01.04.2021 21:00:00 +02:00,17206.56,15623.90
01.04.2021 22:00:00 +02:00,16875.19,15336.03
01.04.2021 23:00:00 +02:00,16668.03,15044.02
02.04.2021 00:00:00 +02:00,16649.96,14747.05
02.04.2021 01:00:00 +02:00,16437.80,14529.95
02.04.2021 02:00:00 +02:00,16308.43,14375.06
02.04.2021 03:00:00 +02:00,15848.53,14369.06
02.04.2021 04:00:00 +02:00,15657.74,14449.04
02.04.2021 05:00:00 +02:00,16394.64,14617.69
02.04.2021 06:00:00 +02:00,17067.60,14950.94
02.04.2021 07:00:00 +02:00,16936.83,15294.12
02.04.2021 08:00:00 +02:00,16653.18,15660.73
02.04.2021 09:00:00 +02:00,16631.76,15916.73
02.04.2021 10:00:00 +02:00,15701.85,15879.78
02.04.2021 11:00:00 +02:00,14546.78,15836.97
02.04.2021 12:00:00 +02:00,13477.04,15627.03
02.04.2021 13:00:00 +02:00,12572.26,15453.10
02.04.2021 14:00:00 +02:00,11627.92,15405.07
02.04.2021 15:00:00 +02:00,11619.34,15299.99
02.04.2021 16:00:00 +02:00,11847.28,14991.14
02.04.2021 17:00:00 +02:00,12716.94,15250.06
02.04.2021 18:00:00 +02:00,13366.48,15424.50
02.04.2021 19:00:00 +02:00,14451.32,15602.13
02.04.2021 20:00:00 +02:00,15505.83,15896.86
02.04.2021 21:00:00 +02:00,15827.87,15852.09
02.04.2021 22:00:00 +02:00,15161.11,15515.83
02.04.2021 23:00:00 +02:00,14708.76,15295.53
03.04.2021 00:00:00 +02:00,14909.81,13251.84
03.04.2021 01:00:00 +02:00,14524.47,14549.72
03.04.2021 02:00:00 +02:00,14145.37,14698.69
03.04.2021 03:00:00 +02:00,14226.86,14720.51
03.04.2021 04:00:00 +02:00,14364.65,14568.55
03.04.2021 05:00:00 +02:00,14980.59,14988.11
03.04.2021 06:00:00 +02:00,16237.88,15289.72
03.04.2021 07:00:00 +02:00,17544.94,15514.91
03.04.2021 08:00:00 +02:00,18311.45,15867.73
03.04.2021 09:00:00 +02:00,18394.10,16007.29
03.04.2021 10:00:00 +02:00,17101.09,16389.10
03.04.2021 11:00:00 +02:00,15048.29,16160.71
03.04.2021 12:00:00 +02:00,12922.00,15860.29
03.04.2021 13:00:00 +02:00,11979.18,15575.49
03.04.2021 14:00:00 +02:00,10975.42,15453.48
03.04.2021 15:00:00 +02:00,10911.19,15346.10
03.04.2021 16:00:00 +02:00,11982.49,15285.08
03.04.2021 17:00:00 +02:00,13173.54,15259.73
03.04.2021 18:00:00 +02:00,15054.19,15430.75
03.04.2021 19:00:00 +02:00,17518.97,15518.51
03.04.2021 20:00:00 +02:00,18334.72,15661.10
03.04.2021 21:00:00 +02:00,18126.49,15556.79
03.04.2021 22:00:00 +02:00,17657.84,15284.14
03.04.2021 23:00:00 +02:00,17053.49,15028.82
04.04.2021 00:00:00 +02:00,17267.31,14697.74
04.04.2021 01:00:00 +02:00,15858.13,14505.97
04.04.2021 02:00:00 +02:00,14709.91,14350.92
04.04.2021 03:00:00 +02:00,14337.76,13818.13
04.04.2021 04:00:00 +02:00,13938.15,13895.28
04.04.2021 05:00:00 +02:00,13695.48,14474.08
04.04.2021 06:00:00 +02:00,13420.74,14649.82
04.04.2021 07:00:00 +02:00,13222.43,14747.47
04.04.2021 08:00:00 +02:00,13432.59,13252.05
04.04.2021 09:00:00 +02:00,13249.48,15271.31
04.04.2021 10:00:00 +02:00,12322.11,15445.15
04.04.2021 11:00:00 +02:00,11865.83,15427.82
04.04.2021 12:00:00 +02:00,11882.22,15334.27
04.04.2021 13:00:00 +02:00,11196.75,15316.08
04.04.2021 14:00:00 +02:00,10666.04,15325.47
04.04.2021 15:00:00 +02:00,10459.01,15461.69
04.04.2021 16:00:00 +02:00,10973.82,15556.61
04.04.2021 17:00:00 +02:00,11354.96,15626.59
04.04.2021 18:00:00 +02:00,12493.19,15661.88
04.04.2021 19:00:00 +02:00,13357.89,15839.23
04.04.2021 20:00:00 +02:00,13355.81,15057.74
04.04.2021 21:00:00 +02:00,13099.36,13418.88
04.04.2021 22:00:00 +02:00,12265.91,15568.04
04.04.2021 23:00:00 +02:00,11251.93,15607.27
05.04.2021 00:00:00 +02:00,10515.46,15386.05
05.04.2021 01:00:00 +02:00,10290.62,15225.26
05.04.2021 02:00:00 +02:00,9592.18,15202.12
05.04.2021 03:00:00 +02:00,9830.80,15295.41
05.04.2021 04:00:00 +02:00,10121.18,15416.63
05.04.2021 05:00:00 +02:00,10617.87,15744.23
05.04.2021 06:00:00 +02:00,10689.40,16082.82
05.04.2021 07:00:00 +02:00,11305.82,16441.00
05.04.2021 08:00:00 +02:00,12003.36,16810.14
05.04.2021 09:00:00 +02:00,12388.71,17124.19
05.04.2021 10:00:00 +02:00,12310.92,17346.61
05.04.2021 11:00:00 +02:00,12219.33,17152.49
05.04.2021 12:00:00 +02:00,11872.07,16867.20
05.04.2021 13:00:00 +02:00,11839.28,16706.73
05.04.2021 14:00:00 +02:00,11496.88,16611.32
05.04.2021 15:00:00 +02:00,11456.95,16582.53
05.04.2021 16:00:00 +02:00,11817.53,16502.57
05.04.2021 17:00:00 +02:00,12266.32,16508.31
05.04.2021 18:00:00 +02:00,13004.48,16562.88
05.04.2021 19:00:00 +02:00,14045.66,16688.92
05.04.2021 20:00:00 +02:00,14145.77,17037.04
05.04.2021 21:00:00 +02:00,13690.03,17008.06
05.04.2021 22:00:00 +02:00,13612.01,16431.35
05.04.2021 23:00:00 +02:00,12721.46,16320.20
06.04.2021 00:00:00 +02:00,12190.94,15903.79
06.04.2021 01:00:00 +02:00,11492.54,15603.15
06.04.2021 02:00:00 +02:00,11440.20,15474.81
06.04.2021 03:00:00 +02:00,11749.76,15522.99
06.04.2021 04:00:00 +02:00,12072.87,15690.89
06.04.2021 05:00:00 +02:00,13844.22,16082.51
06.04.2021 06:00:00 +02:00,16793.16,16810.63
06.04.2021 07:00:00 +02:00,20060.57,18380.51
06.04.2021 08:00:00 +02:00,21167.26,18840.95
06.04.2021 09:00:00 +02:00,19911.10,18758.67
06.04.2021 10:00:00 +02:00,18513.66,18331.91
06.04.2021 11:00:00 +02:00,17446.58,18093.14
06.04.2021 12:00:00 +02:00,16995.32,17961.31
06.04.2021 13:00:00 +02:00,17645.57,16068.30
06.04.2021 14:00:00 +02:00,17333.78,17667.78
06.04.2021 15:00:00 +02:00,17135.52,17126.58
06.04.2021 16:00:00 +02:00,16981.27,16850.30
06.04.2021 17:00:00 +02:00,17496.38,17279.56
06.04.2021 18:00:00 +02:00,18279.93,17376.01
06.04.2021 19:00:00 +02:00,18436.05,17479.46
06.04.2021 20:00:00 +02:00,17891.76,17593.76
06.04.2021 21:00:00 +02:00,17214.80,17520.96
06.04.2021 22:00:00 +02:00,16600.08,16246.78
06.04.2021 23:00:00 +02:00,15789.27,16489.53
07.04.2021 00:00:00 +02:00,15293.73,15963.97
07.04.2021 01:00:00 +02:00,14949.58,14553.43
07.04.2021 02:00:00 +02:00,15250.90,14480.35
07.04.2021 03:00:00 +02:00,15491.10,15264.14
07.04.2021 04:00:00 +02:00,15962.30,15664.82
07.04.2021 05:00:00 +02:00,17039.93,16073.35
07.04.2021 06:00:00 +02:00,19089.26,17060.06
07.04.2021 07:00:00 +02:00,20017.94,18281.41
07.04.2021 08:00:00 +02:00,20525.75,18632.73
07.04.2021 09:00:00 +02:00,20616.20,18435.10
07.04.2021 10:00:00 +02:00,20603.96,18103.57
07.04.2021 11:00:00 +02:00,20469.55,17772.14
07.04.2021 12:00:00 +02:00,20034.61,17261.36
07.04.2021 13:00:00 +02:00,19761.93,17460.75
07.04.2021 14:00:00 +02:00,18998.35,17318.98
07.04.2021 15:00:00 +02:00,18655.40,16924.60
07.04.2021 16:00:00 +02:00,18976.74,17242.06
07.04.2021 17:00:00 +02:00,19499.06,17138.41
07.04.2021 18:00:00 +02:00,19813.16,17068.36
07.04.2021 19:00:00 +02:00,19948.29,17220.00
07.04.2021 20:00:00 +02:00,19964.98,17491.67
07.04.2021 21:00:00 +02:00,19857.97,17521.46
07.04.2021 22:00:00 +02:00,18676.79,17148.54
07.04.2021 23:00:00 +02:00,17041.55,15779.29
08.04.2021 00:00:00 +02:00,16508.36,15247.40
08.04.2021 01:00:00 +02:00,16447.85,15779.98
08.04.2021 02:00:00 +02:00,16569.38,15448.72
08.04.2021 03:00:00 +02:00,16657.15,15735.59
08.04.2021 04:00:00 +02:00,17005.50,15113.39
08.04.2021 05:00:00 +02:00,18317.79,16372.77
08.04.2021 06:00:00 +02:00,20568.66,17428.11
08.04.2021 07:00:00 +02:00,21651.85,18682.62
08.04.2021 08:00:00 +02:00,21653.50,19005.07
08.04.2021 09:00:00 +02:00,21382.29,18703.69
08.04.2021 10:00:00 +02:00,20853.43,17725.42
08.04.2021 11:00:00 +02:00,20390.47,17422.56
08.04.2021 12:00:00 +02:00,19986.83,17811.04
08.04.2021 13:00:00 +02:00,19298.48,17660.99
08.04.2021 14:00:00 +02:00,18069.12,17596.65
08.04.2021 15:00:00 +02:00,17045.22,17729.89
08.04.2021 16:00:00 +02:00,17104.46,17917.95
08.04.2021 17:00:00 +02:00,18005.55,17290.58
08.04.2021 18:00:00 +02:00,19063.30,16601.10
08.04.2021 19:00:00 +02:00,18993.75,16855.67
08.04.2021 20:00:00 +02:00,18208.77,16988.88
08.04.2021 21:00:00 +02:00,17230.53,17637.53
08.04.2021 22:00:00 +02:00,15578.55,17078.73
08.04.2021 23:00:00 +02:00,13875.38,16332.20
09.04.2021 00:00:00 +02:00,13395.26,15780.32
09.04.2021 01:00:00 +02:00,13524.16,15274.01
09.04.2021 02:00:00 +02:00,13410.25,15365.20
09.04.2021 03:00:00 +02:00,13399.88,14870.96
09.04.2021 04:00:00 +02:00,13477.87,15452.72
09.04.2021 05:00:00 +02:00,13638.45,15851.87
09.04.2021 06:00:00 +02:00,14930.15,16288.50
09.04.2021 07:00:00 +02:00,17108.67,18063.60
09.04.2021 08:00:00 +02:00,18324.89,18291.41
09.04.2021 09:00:00 +02:00,18427.62,18411.25
09.04.2021 10:00:00 +02:00,17705.89,18081.19
09.04.2021 11:00:00 +02:00,16541.78,17781.40
09.04.2021 12:00:00 +02:00,15798.34,17545.02
09.04.2021 13:00:00 +02:00,15412.91,17009.66
09.04.2021 14:00:00 +02:00,14941.75,17078.02
09.04.2021 15:00:00 +02:00,15340.38,16921.01
09.04.2021 16:00:00 +02:00,15527.07,16811.82
09.04.2021 17:00:00 +02:00,15974.99,16121.97
09.04.2021 18:00:00 +02:00,16693.63,15368.64
09.04.2021 19:00:00 +02:00,17931.26,16899.18
09.04.2021 20:00:00 +02:00,18734.11,16767.74
09.04.2021 21:00:00 +02:00,18797.05,17082.97
09.04.2021 22:00:00 +02:00,18098.78,16756.89
09.04.2021 23:00:00 +02:00,16582.30,16385.52
10.04.2021 00:00:00 +02:00,16087.12,16041.17
10.04.2021 01:00:00 +02:00,16024.16,15784.23
10.04.2021 02:00:00 +02:00,15737.48,15735.09
10.04.2021 03:00:00 +02:00,15814.74,15591.25
10.04.2021 04:00:00 +02:00,16050.07,15608.32
10.04.2021 05:00:00 +02:00,16382.54,15749.81
10.04.2021 06:00:00 +02:00,17046.64,15982.23
10.04.2021 07:00:00 +02:00,17910.59,16206.05
10.04.2021 08:00:00 +02:00,18631.71,16483.99
10.04.2021 09:00:00 +02:00,18907.93,16764.04
10.04.2021 10:00:00 +02:00,18927.69,16852.61
10.04.2021 11:00:00 +02:00,18693.08,16595.31
10.04.2021 12:00:00 +02:00,18192.49,16348.74
10.04.2021 13:00:00 +02:00,17725.43,13414.33
10.04.2021 14:00:00 +02:00,17525.08,10777.66
10.04.2021 15:00:00 +02:00,17260.25,13307.73
10.04.2021 16:00:00 +02:00,17463.73,15668.42
10.04.2021 17:00:00 +02:00,17963.52,15781.74
10.04.2021 18:00:00 +02:00,18789.97,15961.31
10.04.2021 19:00:00 +02:00,18827.36,16138.61
10.04.2021 20:00:00 +02:00,18848.23,16219.65
10.04.2021 21:00:00 +02:00,18637.30,16223.62
10.04.2021 22:00:00 +02:00,17924.90,15733.45
10.04.2021 23:00:00 +02:00,17081.90,15737.36
11.04.2021 00:00:00 +02:00,17143.73,15507.07
11.04.2021 01:00:00 +02:00,16878.36,15345.90
11.04.2021 02:00:00 +02:00,16382.02,15264.50
11.04.2021 03:00:00 +02:00,16423.32,15248.81
11.04.2021 04:00:00 +02:00,16463.90,15316.34
11.04.2021 05:00:00 +02:00,16046.59,15493.52
11.04.2021 06:00:00 +02:00,16203.92,15609.08
11.04.2021 07:00:00 +02:00,16392.00,15763.28
11.04.2021 08:00:00 +02:00,17011.53,15992.97
11.04.2021 09:00:00 +02:00,17367.91,14322.32
11.04.2021 10:00:00 +02:00,17333.65,15656.15
11.04.2021 11:00:00 +02:00,16479.29,16107.78
11.04.2021 12:00:00 +02:00,15947.22,15841.58
11.04.2021 13:00:00 +02:00,15925.26,15370.17
11.04.2021 14:00:00 +02:00,15371.66,15607.50
11.04.2021 15:00:00 +02:00,15520.46,15654.10
11.04.2021 16:00:00 +02:00,16092.93,15782.27
11.04.2021 17:00:00 +02:00,17643.83,15953.88
11.04.2021 18:00:00 +02:00,18274.13,16165.65
11.04.2021 19:00:00 +02:00,18384.73,16344.18
11.04.2021 20:00:00 +02:00,18431.12,16587.10
11.04.2021 21:00:00 +02:00,18202.66,16681.06
11.04.2021 22:00:00 +02:00,17962.59,16386.58
11.04.2021 23:00:00 +02:00,17013.67,15976.61
12.04.2021 00:00:00 +02:00,16411.34,15310.80
12.04.2021 01:00:00 +02:00,15864.55,14022.85
12.04.2021 02:00:00 +02:00,15588.05,13724.22
12.04.2021 03:00:00 +02:00,15291.92,9941.99
12.04.2021 04:00:00 +02:00,15523.30,13658.05
12.04.2021 05:00:00 +02:00,16784.61,15837.54
12.04.2021 06:00:00 +02:00,19257.09,16894.74
12.04.2021 07:00:00 +02:00,21954.04,18217.59
12.04.2021 08:00:00 +02:00,22307.87,18779.55
12.04.2021 09:00:00 +02:00,21980.33,12105.09
12.04.2021 10:00:00 +02:00,21671.40,11560.03
12.04.2021 11:00:00 +02:00,20808.27,17715.73
12.04.2021 12:00:00 +02:00,20156.56,16835.38
12.04.2021 13:00:00 +02:00,19178.94,17529.32
12.04.2021 14:00:00 +02:00,17942.79,17415.71
12.04.2021 15:00:00 +02:00,17775.95,17358.87
12.04.2021 16:00:00 +02:00,18397.94,17373.43
12.04.2021 17:00:00 +02:00,19550.88,16641.90
12.04.2021 18:00:00 +02:00,19937.37,15725.74
12.04.2021 19:00:00 +02:00,20621.12,17129.15
12.04.2021 20:00:00 +02:00,20381.11,17301.65
12.04.2021 21:00:00 +02:00,20226.92,17343.00
12.04.2021 22:00:00 +02:00,18590.41,16908.87
12.04.2021 23:00:00 +02:00,17238.33,14982.87
13.04.2021 00:00:00 +02:00,16597.09,11338.83
13.04.2021 01:00:00 +02:00,16115.88,15009.55
13.04.2021 02:00:00 +02:00,16036.75,15515.07
13.04.2021 03:00:00 +02:00,16154.98,15471.72
13.04.2021 04:00:00 +02:00,16428.34,15573.17
13.04.2021 05:00:00 +02:00,17395.90,16024.17
13.04.2021 06:00:00 +02:00,19438.34,17040.42
13.04.2021 07:00:00 +02:00,21431.25,18308.07
13.04.2021 08:00:00 +02:00,21686.60,18569.56
13.04.2021 09:00:00 +02:00,21145.79,17851.87
13.04.2021 10:00:00 +02:00,20103.49,17458.12
13.04.2021 11:00:00 +02:00,19603.31,13338.04
13.04.2021 12:00:00 +02:00,19015.10,16658.55
13.04.2021 13:00:00 +02:00,18776.10,17105.35
13.04.2021 14:00:00 +02:00,18096.94,16824.83
13.04.2021 15:00:00 +02:00,18233.96,16992.05
13.04.2021 16:00:00 +02:00,19293.05,17051.65
13.04.2021 17:00:00 +02:00,20482.65,17061.61
13.04.2021 18:00:00 +02:00,20903.34,16843.42
13.04.2021 19:00:00 +02:00,21042.68,16939.50
13.04.2021 20:00:00 +02:00,21282.21,17226.57
13.04.2021 21:00:00 +02:00,20926.66,17311.65
13.04.2021 22:00:00 +02:00,20084.90,16971.13
13.04.2021 23:00:00 +02:00,18728.09,16422.14
14.04.2021 00:00:00 +02:00,18398.89,15651.47
14.04.2021 01:00:00 +02:00,18377.83,15693.29
14.04.2021 02:00:00 +02:00,18701.63,15565.11
14.04.2021 03:00:00 +02:00,19061.33,15635.22
14.04.2021 04:00:00 +02:00,18920.43,15810.12
14.04.2021 05:00:00 +02:00,19510.12,15892.92
14.04.2021 06:00:00 +02:00,20918.80,16997.29
14.04.2021 07:00:00 +02:00,21919.67,18178.63
14.04.2021 08:00:00 +02:00,21677.45,17418.74
14.04.2021 09:00:00 +02:00,21289.94,17698.73
14.04.2021 10:00:00 +02:00,21021.80,17633.89
14.04.2021 11:00:00 +02:00,21140.06,16925.70
14.04.2021 12:00:00 +02:00,21309.08,16828.93
14.04.2021 13:00:00 +02:00,21002.60,16808.28
14.04.2021 14:00:00 +02:00,20085.35,16686.34
14.04.2021 15:00:00 +02:00,20100.78,16612.69
14.04.2021 16:00:00 +02:00,19736.63,16343.10
14.04.2021 17:00:00 +02:00,20198.65,16512.86
14.04.2021 18:00:00 +02:00,20362.90,16473.64
14.04.2021 19:00:00 +02:00,20544.36,16561.01
14.04.2021 20:00:00 +02:00,20610.01,16754.95
14.04.2021 21:00:00 +02:00,20639.12,16856.08
14.04.2021 22:00:00 +02:00,20102.29,16434.70
14.04.2021 23:00:00 +02:00,18774.76,15874.07
15.04.2021 00:00:00 +02:00,18750.96,15045.00
15.04.2021 01:00:00 +02:00,18936.64,15013.88
15.04.2021 02:00:00 +02:00,18617.08,14943.90
15.04.2021 03:00:00 +02:00,18879.61,14963.29
15.04.2021 04:00:00 +02:00,19128.48,15110.02
15.04.2021 05:00:00 +02:00,19686.81,15486.13
15.04.2021 06:00:00 +02:00,20229.11,16421.41
15.04.2021 07:00:00 +02:00,21125.30,17367.36
15.04.2021 08:00:00 +02:00,21438.50,17919.88
15.04.2021 09:00:00 +02:00,21679.96,17609.37
15.04.2021 10:00:00 +02:00,21314.49,16581.58
15.04.2021 11:00:00 +02:00,20194.84,16785.82
15.04.2021 12:00:00 +02:00,19594.68,16465.33
15.04.2021 13:00:00 +02:00,19146.59,16346.37
15.04.2021 14:00:00 +02:00,18872.21,16248.32
15.04.2021 15:00:00 +02:00,19169.38,16173.82
15.04.2021 16:00:00 +02:00,18802.57,15758.74
15.04.2021 17:00:00 +02:00,19021.49,15853.88
15.04.2021 18:00:00 +02:00,19301.52,15747.79
15.04.2021 19:00:00 +02:00,19703.23,14025.32
15.04.2021 20:00:00 +02:00,19271.30,16156.77
15.04.2021 21:00:00 +02:00,19204.19,16368.14
15.04.2021 22:00:00 +02:00,18782.87,16040.76
15.04.2021 23:00:00 +02:00,18317.52,15501.81
16.04.2021 00:00:00 +02:00,17669.68,14738.09
16.04.2021 01:00:00 +02:00,17828.02,14444.17
16.04.2021 02:00:00 +02:00,17919.15,14638.44
16.04.2021 03:00:00 +02:00,18336.58,14693.47
16.04.2021 04:00:00 +02:00,18461.82,14907.86
16.04.2021 05:00:00 +02:00,18998.56,15315.98
16.04.2021 06:00:00 +02:00,20255.83,16199.25
16.04.2021 07:00:00 +02:00,20997.69,17324.96
16.04.2021 08:00:00 +02:00,21290.03,17536.59
16.04.2021 09:00:00 +02:00,21484.39,17220.04
16.04.2021 10:00:00 +02:00,20923.54,16816.86
16.04.2021 11:00:00 +02:00,20151.26,16297.01
16.04.2021 12:00:00 +02:00,19404.61,16093.43
16.04.2021 13:00:00 +02:00,19065.81,15800.07
16.04.2021 14:00:00 +02:00,18606.82,15652.13
16.04.2021 15:00:00 +02:00,18056.76,14618.66
16.04.2021 16:00:00 +02:00,17947.36,15191.61
16.04.2021 17:00:00 +02:00,18574.36,15069.75
16.04.2021 18:00:00 +02:00,18949.25,15045.29
16.04.2021 19:00:00 +02:00,18971.36,15224.85
16.04.2021 20:00:00 +02:00,18302.75,15263.80
16.04.2021 21:00:00 +02:00,18244.87,15278.39
16.04.2021 22:00:00 +02:00,17908.32,14982.47
16.04.2021 23:00:00 +02:00,17164.48,14592.64
17.04.2021 00:00:00 +02:00,17605.48,14269.15
17.04.2021 01:00:00 +02:00,17724.20,14022.65
17.04.2021 02:00:00 +02:00,17617.08,13849.29
17.04.2021 03:00:00 +02:00,17664.40,13897.48
17.04.2021 04:00:00 +02:00,17671.84,13965.16
17.04.2021 05:00:00 +02:00,17751.76,14097.13
17.04.2021 06:00:00 +02:00,17438.66,14245.17
17.04.2021 07:00:00 +02:00,17947.64,14534.53
17.04.2021 08:00:00 +02:00,18709.44,14959.56
17.04.2021 09:00:00 +02:00,19052.01,15270.97
17.04.2021 10:00:00 +02:00,19413.59,15348.01
17.04.2021 11:00:00 +02:00,18350.97,15145.62
17.04.2021 12:00:00 +02:00,16681.89,14766.12
17.04.2021 13:00:00 +02:00,15876.25,14553.17
17.04.2021 14:00:00 +02:00,15763.12,14311.18
17.04.2021 15:00:00 +02:00,15900.65,14106.03
17.04.2021 16:00:00 +02:00,15919.20,14007.62
17.04.2021 17:00:00 +02:00,16748.93,14101.01
17.04.2021 18:00:00 +02:00,18147.49,14240.05
17.04.2021 19:00:00 +02:00,18470.55,14370.21
17.04.2021 20:00:00 +02:00,18366.32,14405.44
17.04.2021 21:00:00 +02:00,18258.48,14494.59
17.04.2021 22:00:00 +02:00,18045.93,14345.34
17.04.2021 23:00:00 +02:00,17460.32,14085.04
18.04.2021 00:00:00 +02:00,16960.62,13798.39
18.04.2021 01:00:00 +02:00,16584.07,13607.30
18.04.2021 02:00:00 +02:00,16720.80,13578.62
18.04.2021 03:00:00 +02:00,16929.33,13604.78
18.04.2021 04:00:00 +02:00,17018.23,13703.57
18.04.2021 05:00:00 +02:00,17120.74,13818.67
18.04.2021 06:00:00 +02:00,17386.44,13937.36
18.04.2021 07:00:00 +02:00,17604.66,14040.09
18.04.2021 08:00:00 +02:00,18315.85,14176.21
18.04.2021 09:00:00 +02:00,18692.24,14404.79
18.04.2021 10:00:00 +02:00,18560.40,14473.45
18.04.2021 11:00:00 +02:00,17771.66,14289.39
18.04.2021 12:00:00 +02:00,16204.36,13837.39
18.04.2021 13:00:00 +02:00,15962.79,13687.37
18.04.2021 14:00:00 +02:00,15408.00,13545.44
18.04.2021 15:00:00 +02:00,14951.64,13431.71
18.04.2021 16:00:00 +02:00,15642.11,13400.59
18.04.2021 17:00:00 +02:00,16835.91,13525.04
18.04.2021 18:00:00 +02:00,17730.07,13687.78
18.04.2021 19:00:00 +02:00,18204.35,13964.27
18.04.2021 20:00:00 +02:00,18175.50,14225.72
18.04.2021 21:00:00 +02:00,18108.14,14475.44
18.04.2021 22:00:00 +02:00,17509.86,14235.69
18.04.2021 23:00:00 +02:00,16835.28,13804.11
19.04.2021 00:00:00 +02:00,16404.64,13412.33
19.04.2021 01:00:00 +02:00,16196.87,13211.57
19.04.2021 02:00:00 +02:00,16245.89,13141.90
19.04.2021 03:00:00 +02:00,16471.75,13222.48
19.04.2021 04:00:00 +02:00,16815.67,13427.95
19.04.2021 05:00:00 +02:00,17488.30,13785.40
19.04.2021 06:00:00 +02:00,19044.97,14820.34
19.04.2021 07:00:00 +02:00,20978.55,15960.94
19.04.2021 08:00:00 +02:00,21689.33,16208.01
19.04.2021 09:00:00 +02:00,21435.64,15850.24
19.04.2021 10:00:00 +02:00,20999.93,15471.49
19.04.2021 11:00:00 +02:00,19721.77,11875.29
19.04.2021 12:00:00 +02:00,19451.71,12937.49
19.04.2021 13:00:00 +02:00,19268.61,14764.10
19.04.2021 14:00:00 +02:00,18916.86,14577.22
19.04.2021 15:00:00 +02:00,18816.17,14428.05
19.04.2021 16:00:00 +02:00,18643.74,14335.15
19.04.2021 17:00:00 +02:00,18985.69,14178.73
19.04.2021 18:00:00 +02:00,19063.79,14115.53
19.04.2021 19:00:00 +02:00,19210.64,14211.49
19.04.2021 20:00:00 +02:00,19168.80,14416.34
19.04.2021 21:00:00 +02:00,19207.35,14667.38
19.04.2021 22:00:00 +02:00,18624.50,14451.64
19.04.2021 23:00:00 +02:00,17533.80,13911.52
20.04.2021 00:00:00 +02:00,16826.88,13354.51
20.04.2021 01:00:00 +02:00,16594.18,13159.95
20.04.2021 02:00:00 +02:00,16483.68,13070.36
20.04.2021 03:00:00 +02:00,17011.14,13174.21
20.04.2021 04:00:00 +02:00,17101.41,13342.63
20.04.2021 05:00:00 +02:00,17646.52,13698.72
20.04.2021 06:00:00 +02:00,18374.75,13653.93
20.04.2021 07:00:00 +02:00,19818.32,4496.03
20.04.2021 08:00:00 +02:00,20118.74,13815.12
20.04.2021 09:00:00 +02:00,19617.48,15528.76
20.04.2021 10:00:00 +02:00,19082.90,13407.67
20.04.2021 11:00:00 +02:00,18890.53,14422.69
20.04.2021 12:00:00 +02:00,18432.69,14750.36
20.04.2021 13:00:00 +02:00,17810.84,13646.75
20.04.2021 14:00:00 +02:00,17547.54,14528.03
20.04.2021 15:00:00 +02:00,17911.93,14609.42
20.04.2021 16:00:00 +02:00,18200.66,14454.75
20.04.2021 17:00:00 +02:00,18446.71,14612.33
20.04.2021 18:00:00 +02:00,18438.09,14670.18
20.04.2021 19:00:00 +02:00,18335.96,14821.59
20.04.2021 20:00:00 +02:00,17638.34,14866.74
20.04.2021 21:00:00 +02:00,16799.84,14974.33
20.04.2021 22:00:00 +02:00,16058.37,14562.07
20.04.2021 23:00:00 +02:00,15196.42,13925.61
21.04.2021 00:00:00 +02:00,14606.61,13439.38
21.04.2021 01:00:00 +02:00,14236.31,13189.90
21.04.2021 02:00:00 +02:00,14522.22,13060.24
21.04.2021 03:00:00 +02:00,14732.37,13133.66
21.04.2021 04:00:00 +02:00,15194.82,13272.84
21.04.2021 05:00:00 +02:00,15978.14,13516.25
21.04.2021 06:00:00 +02:00,17112.26,14495.92
21.04.2021 07:00:00 +02:00,18548.00,15570.17
21.04.2021 08:00:00 +02:00,18739.51,16176.66
21.04.2021 09:00:00 +02:00,17792.98,16159.42
21.04.2021 10:00:00 +02:00,16550.11,15808.27
21.04.2021 11:00:00 +02:00,16012.27,15992.61
21.04.2021 12:00:00 +02:00,15335.77,15954.21
21.04.2021 13:00:00 +02:00,14103.68,15544.16
21.04.2021 14:00:00 +02:00,13936.92,16009.75
21.04.2021 15:00:00 +02:00,13775.15,16093.55
21.04.2021 16:00:00 +02:00,14662.10,16159.59
21.04.2021 17:00:00 +02:00,15354.80,15721.35
21.04.2021 18:00:00 +02:00,15252.77,15540.53
21.04.2021 19:00:00 +02:00,15070.16,15317.33
21.04.2021 20:00:00 +02:00,14680.11,15671.75
21.04.2021 21:00:00 +02:00,14485.11,13907.57
21.04.2021 22:00:00 +02:00,13757.63,15816.17
21.04.2021 23:00:00 +02:00,13438.97,12939.74
22.04.2021 00:00:00 +02:00,12613.88,14761.45
22.04.2021 01:00:00 +02:00,12215.68,14429.93
22.04.2021 02:00:00 +02:00,12161.17,13420.60
22.04.2021 03:00:00 +02:00,12093.63,13927.39
22.04.2021 04:00:00 +02:00,11898.39,14497.65
22.04.2021 05:00:00 +02:00,12562.21,14759.26
22.04.2021 06:00:00 +02:00,14603.54,15133.50
22.04.2021 07:00:00 +02:00,16720.13,16773.29
22.04.2021 08:00:00 +02:00,17326.45,17086.15
22.04.2021 09:00:00 +02:00,16450.31,15457.44
22.04.2021 10:00:00 +02:00,15629.00,15929.98
22.04.2021 11:00:00 +02:00,15237.07,14906.75
22.04.2021 12:00:00 +02:00,14693.64,16013.89
22.04.2021 13:00:00 +02:00,14075.01,15882.87
22.04.2021 14:00:00 +02:00,13657.76,15818.79
22.04.2021 15:00:00 +02:00,13556.28,15738.38
22.04.2021 16:00:00 +02:00,13914.07,15797.31
22.04.2021 17:00:00 +02:00,16000.70,15700.13
22.04.2021 18:00:00 +02:00,16215.40,15583.79
22.04.2021 19:00:00 +02:00,16858.82,13810.65
22.04.2021 20:00:00 +02:00,16536.30,13705.34
22.04.2021 21:00:00 +02:00,16099.76,11755.99
22.04.2021 22:00:00 +02:00,15144.96,15512.22
22.04.2021 23:00:00 +02:00,13742.76,15234.01
23.04.2021 00:00:00 +02:00,14218.62,14742.04
23.04.2021 01:00:00 +02:00,14011.70,14434.04
23.04.2021 02:00:00 +02:00,13660.23,14379.44
23.04.2021 03:00:00 +02:00,13771.69,13723.59
23.04.2021 04:00:00 +02:00,14203.91,14583.89
23.04.2021 05:00:00 +02:00,14889.08,14932.43
23.04.2021 06:00:00 +02:00,16050.21,15813.46
23.04.2021 07:00:00 +02:00,17925.10,16949.01
23.04.2021 08:00:00 +02:00,18856.35,17198.13
23.04.2021 09:00:00 +02:00,18499.72,16924.73
23.04.2021 10:00:00 +02:00,18171.21,16576.92
23.04.2021 11:00:00 +02:00,17433.40,15004.66
23.04.2021 12:00:00 +02:00,16322.13,16117.39
23.04.2021 13:00:00 +02:00,14546.98,15808.51
23.04.2021 14:00:00 +02:00,13631.63,15440.20
23.04.2021 15:00:00 +02:00,14680.68,15663.13
23.04.2021 16:00:00 +02:00,15530.94,15570.28
23.04.2021 17:00:00 +02:00,16435.16,15498.33
23.04.2021 18:00:00 +02:00,16845.98,15530.94
23.04.2021 19:00:00 +02:00,17318.27,15524.37
23.04.2021 20:00:00 +02:00,17800.22,15545.29
23.04.2021 21:00:00 +02:00,17781.35,15637.89
23.04.2021 22:00:00 +02:00,17349.39,15433.69
23.04.2021 23:00:00 +02:00,16875.55,15180.78
24.04.2021 00:00:00 +02:00,16533.66,14791.88
24.04.2021 01:00:00 +02:00,16367.69,14532.43
24.04.2021 02:00:00 +02:00,16284.81,14371.18
24.04.2021 03:00:00 +02:00,16503.26,14447.02
24.04.2021 04:00:00 +02:00,16614.71,14545.61
24.04.2021 05:00:00 +02:00,16684.34,14598.67
24.04.2021 06:00:00 +02:00,16863.73,14765.94
24.04.2021 07:00:00 +02:00,17015.15,15001.55
24.04.2021 08:00:00 +02:00,17447.46,15304.44
24.04.2021 09:00:00 +02:00,17431.08,15691.00
24.04.2021 10:00:00 +02:00,16523.84,15793.29
24.04.2021 11:00:00 +02:00,14699.61,15627.69
24.04.2021 12:00:00 +02:00,12840.80,15437.10
24.04.2021 13:00:00 +02:00,11480.42,15363.88
24.04.2021 14:00:00 +02:00,10829.13,15247.43
24.04.2021 15:00:00 +02:00,11047.82,15136.67
24.04.2021 16:00:00 +02:00,12497.27,15091.16
24.04.2021 17:00:00 +02:00,14192.37,15198.61
24.04.2021 18:00:00 +02:00,16155.04,15373.97
24.04.2021 19:00:00 +02:00,17472.86,15152.19
24.04.2021 20:00:00 +02:00,17917.66,15296.34
24.04.2021 21:00:00 +02:00,17961.31,15306.13
24.04.2021 22:00:00 +02:00,17614.12,15210.70
24.04.2021 23:00:00 +02:00,17142.33,14958.74
25.04.2021 00:00:00 +02:00,16639.38,14344.30
25.04.2021 01:00:00 +02:00,15834.33,14423.81
25.04.2021 02:00:00 +02:00,15741.80,14302.69
25.04.2021 03:00:00 +02:00,15504.18,14348.21
25.04.2021 04:00:00 +02:00,14987.26,14497.42
25.04.2021 05:00:00 +02:00,13914.96,14594.19
25.04.2021 06:00:00 +02:00,12796.24,14651.16
25.04.2021 07:00:00 +02:00,12971.59,14743.15
25.04.2021 08:00:00 +02:00,12379.48,14927.26
25.04.2021 09:00:00 +02:00,11420.95,15206.64
25.04.2021 10:00:00 +02:00,11239.46,15184.09
25.04.2021 11:00:00 +02:00,10787.86,15409.17
25.04.2021 12:00:00 +02:00,10241.12,15092.66
25.04.2021 13:00:00 +02:00,10002.60,14732.96
25.04.2021 14:00:00 +02:00,9989.83,14909.93
25.04.2021 15:00:00 +02:00,10166.97,14822.27
25.04.2021 16:00:00 +02:00,10895.21,14623.85
25.04.2021 17:00:00 +02:00,12478.84,14941.11
25.04.2021 18:00:00 +02:00,14661.30,15153.68
25.04.2021 19:00:00 +02:00,16337.99,15263.99
25.04.2021 20:00:00 +02:00,17731.12,14443.80
25.04.2021 21:00:00 +02:00,18701.18,15658.38
25.04.2021 22:00:00 +02:00,18801.16,15572.75
25.04.2021 23:00:00 +02:00,18462.79,14893.06
26.04.2021 00:00:00 +02:00,17416.27,14463.38
26.04.2021 01:00:00 +02:00,16877.50,14439.06
26.04.2021 02:00:00 +02:00,16796.62,14404.89
26.04.2021 03:00:00 +02:00,16972.20,14476.29
26.04.2021 04:00:00 +02:00,17384.56,14674.01
26.04.2021 05:00:00 +02:00,18575.11,15014.87
26.04.2021 06:00:00 +02:00,20082.72,15694.63
26.04.2021 07:00:00 +02:00,21245.49,15703.13
26.04.2021 08:00:00 +02:00,20986.59,17026.52
26.04.2021 09:00:00 +02:00,20987.76,17148.30
26.04.2021 10:00:00 +02:00,20437.20,16780.27
26.04.2021 11:00:00 +02:00,20101.00,16500.83
26.04.2021 12:00:00 +02:00,19749.56,16327.23
26.04.2021 13:00:00 +02:00,19203.84,16176.90
26.04.2021 14:00:00 +02:00,18774.93,16000.96
26.04.2021 15:00:00 +02:00,18902.89,15892.43
26.04.2021 16:00:00 +02:00,19621.79,15845.66
26.04.2021 17:00:00 +02:00,20842.42,15368.20
26.04.2021 18:00:00 +02:00,21337.21,15497.11
26.04.2021 19:00:00 +02:00,21644.84,15570.69
26.04.2021 20:00:00 +02:00,21421.19,15695.61
26.04.2021 21:00:00 +02:00,21192.62,15850.47
26.04.2021 22:00:00 +02:00,20638.03,15612.48
26.04.2021 23:00:00 +02:00,19672.44,15159.18
27.04.2021 00:00:00 +02:00,19132.30,14721.32
27.04.2021 01:00:00 +02:00,18934.01,14520.15
27.04.2021 02:00:00 +02:00,18730.90,14503.44
27.04.2021 03:00:00 +02:00,18787.60,14587.14
27.04.2021 04:00:00 +02:00,18778.64,14756.16
27.04.2021 05:00:00 +02:00,19426.47,15037.73
27.04.2021 06:00:00 +02:00,20839.48,14354.68
27.04.2021 07:00:00 +02:00,21577.57,16725.54
27.04.2021 08:00:00 +02:00,21255.42,16845.10
27.04.2021 09:00:00 +02:00,20499.37,16460.09
27.04.2021 10:00:00 +02:00,18992.66,16102.05
27.04.2021 11:00:00 +02:00,17824.27,16127.18
27.04.2021 12:00:00 +02:00,16240.79,15899.39
27.04.2021 13:00:00 +02:00,15670.68,14742.21
27.04.2021 14:00:00 +02:00,15694.76,15455.77
27.04.2021 15:00:00 +02:00,16620.40,15694.16
27.04.2021 16:00:00 +02:00,18051.26,15708.66
27.04.2021 17:00:00 +02:00,20205.85,15562.53
27.04.2021 18:00:00 +02:00,21257.63,15450.15
27.04.2021 19:00:00 +02:00,21774.59,15473.24
27.04.2021 20:00:00 +02:00,21568.93,15549.70
27.04.2021 21:00:00 +02:00,21429.33,15711.68
27.04.2021 22:00:00 +02:00,20581.41,15573.44
27.04.2021 23:00:00 +02:00,19001.65,15050.58
28.04.2021 00:00:00 +02:00,17841.04,14624.81
28.04.2021 01:00:00 +02:00,17508.10,14364.15
28.04.2021 02:00:00 +02:00,18187.17,14317.57
28.04.2021 03:00:00 +02:00,18568.54,14340.09
28.04.2021 04:00:00 +02:00,19168.59,14476.75
28.04.2021 05:00:00 +02:00,20171.22,14785.99
28.04.2021 06:00:00 +02:00,21954.09,15724.34
28.04.2021 07:00:00 +02:00,22471.84,16722.53
28.04.2021 08:00:00 +02:00,21751.25,16865.77
28.04.2021 09:00:00 +02:00,21415.78,16515.76
28.04.2021 10:00:00 +02:00,20112.88,16143.02
28.04.2021 11:00:00 +02:00,19156.79,15746.25
28.04.2021 12:00:00 +02:00,18503.62,15583.26
28.04.2021 13:00:00 +02:00,18450.13,15527.66
28.04.2021 14:00:00 +02:00,19142.92,15279.61
28.04.2021 15:00:00 +02:00,19681.02,15551.46
28.04.2021 16:00:00 +02:00,20221.43,15548.69
28.04.2021 17:00:00 +02:00,21125.71,15379.76
28.04.2021 18:00:00 +02:00,21642.11,14260.33
28.04.2021 19:00:00 +02:00,21699.82,15017.77
28.04.2021 20:00:00 +02:00,21334.12,15439.34
28.04.2021 21:00:00 +02:00,20872.03,15642.65
28.04.2021 22:00:00 +02:00,19761.30,15469.47
28.04.2021 23:00:00 +02:00,18647.58,14727.12
29.04.2021 00:00:00 +02:00,18029.89,14198.17
29.04.2021 01:00:00 +02:00,17939.45,12303.47
29.04.2021 02:00:00 +02:00,17948.61,14124.82
29.04.2021 03:00:00 +02:00,17646.31,13960.02
29.04.2021 04:00:00 +02:00,18033.17,13343.04
29.04.2021 05:00:00 +02:00,18642.03,14628.33
29.04.2021 06:00:00 +02:00,20395.32,15538.40
29.04.2021 07:00:00 +02:00,21723.68,16611.69
29.04.2021 08:00:00 +02:00,21975.58,16806.81
29.04.2021 09:00:00 +02:00,21954.58,16557.59
29.04.2021 10:00:00 +02:00,21647.30,15661.94
29.04.2021 11:00:00 +02:00,21294.96,15946.13
29.04.2021 12:00:00 +02:00,20952.58,15826.62
29.04.2021 13:00:00 +02:00,19874.62,15786.67
29.04.2021 14:00:00 +02:00,18949.97,15754.99
29.04.2021 15:00:00 +02:00,18548.61,15689.56
29.04.2021 16:00:00 +02:00,18941.17,15787.65
29.04.2021 17:00:00 +02:00,19987.31,14580.57
29.04.2021 18:00:00 +02:00,20831.13,14897.58
29.04.2021 19:00:00 +02:00,21068.70,13538.20
29.04.2021 20:00:00 +02:00,20635.53,13919.97
29.04.2021 21:00:00 +02:00,20238.20,15676.69
29.04.2021 22:00:00 +02:00,19123.52,15589.19
29.04.2021 23:00:00 +02:00,18383.85,15127.20
30.04.2021 00:00:00 +02:00,17998.84,14577.24
30.04.2021 01:00:00 +02:00,18147.02,14315.84
30.04.2021 02:00:00 +02:00,18177.30,14253.20
30.04.2021 03:00:00 +02:00,18389.65,14284.11
30.04.2021 04:00:00 +02:00,18467.99,14447.92
30.04.2021 05:00:00 +02:00,19185.30,14759.47
30.04.2021 06:00:00 +02:00,20554.93,15718.13
30.04.2021 07:00:00 +02:00,21432.09,16831.81
30.04.2021 08:00:00 +02:00,21308.51,16889.98
30.04.2021 09:00:00 +02:00,21142.35,16488.00
30.04.2021 10:00:00 +02:00,21077.36,16128.11
30.04.2021 11:00:00 +02:00,21122.28,15865.22
30.04.2021 12:00:00 +02:00,20498.40,15598.87
30.04.2021 13:00:00 +02:00,19993.94,15477.47
30.04.2021 14:00:00 +02:00,19744.57,15351.55
30.04.2021 15:00:00 +02:00,20035.49,15141.29
30.04.2021 16:00:00 +02:00,20693.68,15014.19
30.04.2021 17:00:00 +02:00,20847.37,15000.71
30.04.2021 18:00:00 +02:00,20593.86,15061.34
30.04.2021 19:00:00 +02:00,20533.16,15053.75
30.04.2021 20:00:00 +02:00,19884.00,15015.93
30.04.2021 21:00:00 +02:00,19357.40,14954.43
30.04.2021 22:00:00 +02:00,19031.94,14874.39
30.04.2021 23:00:00 +02:00,18592.76,14496.65
01.05.2021 00:00:00 +02:00,18316.44,14231.90
01.05.2021 01:00:00 +02:00,18141.84,14020.76
01.05.2021 02:00:00 +02:00,18107.68,13888.43
01.05.2021 03:00:00 +02:00,18202.50,13898.84
01.05.2021 04:00:00 +02:00,18277.39,13941.57
01.05.2021 05:00:00 +02:00,18268.79,13995.87
01.05.2021 06:00:00 +02:00,18415.41,14111.50
01.05.2021 07:00:00 +02:00,18617.74,14216.00
01.05.2021 08:00:00 +02:00,18418.25,14429.13
01.05.2021 09:00:00 +02:00,18489.06,14734.65
01.05.2021 10:00:00 +02:00,18259.72,14872.28
01.05.2021 11:00:00 +02:00,17968.01,14796.32
01.05.2021 12:00:00 +02:00,17679.55,14359.19
01.05.2021 13:00:00 +02:00,16667.39,14387.83
01.05.2021 14:00:00 +02:00,15844.28,14279.16
01.05.2021 15:00:00 +02:00,15120.61,14198.96
01.05.2021 16:00:00 +02:00,16537.64,14235.07
01.05.2021 17:00:00 +02:00,18147.74,14359.80
01.05.2021 18:00:00 +02:00,18900.10,14463.35
01.05.2021 19:00:00 +02:00,19078.30,14499.54
01.05.2021 20:00:00 +02:00,19001.62,14442.42
01.05.2021 21:00:00 +02:00,19245.15,14443.65
01.05.2021 22:00:00 +02:00,19069.96,14439.03
01.05.2021 23:00:00 +02:00,18730.22,14233.88
02.05.2021 00:00:00 +02:00,18071.99,14008.37
02.05.2021 01:00:00 +02:00,17070.31,13598.53
02.05.2021 02:00:00 +02:00,16401.94,13492.50
02.05.2021 03:00:00 +02:00,15768.19,13758.98
02.05.2021 04:00:00 +02:00,15674.91,13818.70
02.05.2021 05:00:00 +02:00,15451.69,13799.42
02.05.2021 06:00:00 +02:00,14747.59,13859.09
02.05.2021 07:00:00 +02:00,15220.36,13961.75
02.05.2021 08:00:00 +02:00,15828.72,14158.12
02.05.2021 09:00:00 +02:00,15319.02,14446.46
02.05.2021 10:00:00 +02:00,13662.55,14554.94
02.05.2021 11:00:00 +02:00,13656.86,14499.56
02.05.2021 12:00:00 +02:00,12815.23,14402.49
02.05.2021 13:00:00 +02:00,11346.75,14269.14
02.05.2021 14:00:00 +02:00,11211.72,14216.91
02.05.2021 15:00:00 +02:00,11059.95,14256.59
02.05.2021 16:00:00 +02:00,11732.66,14283.47
02.05.2021 17:00:00 +02:00,12930.34,14368.41
02.05.2021 18:00:00 +02:00,15079.83,14516.44
02.05.2021 19:00:00 +02:00,17206.20,14580.06
02.05.2021 20:00:00 +02:00,18134.65,14600.95
02.05.2021 21:00:00 +02:00,19011.30,14418.08
02.05.2021 22:00:00 +02:00,19230.44,14753.49
02.05.2021 23:00:00 +02:00,18308.41,14307.17
03.05.2021 00:00:00 +02:00,17593.80,13857.08
03.05.2021 01:00:00 +02:00,17027.31,13631.54
03.05.2021 02:00:00 +02:00,16975.39,12016.63
03.05.2021 03:00:00 +02:00,17071.02,13638.61
03.05.2021 04:00:00 +02:00,16993.55,13814.45
03.05.2021 05:00:00 +02:00,18108.25,14080.35
03.05.2021 06:00:00 +02:00,19724.54,15062.90
03.05.2021 07:00:00 +02:00,20622.72,16220.20
03.05.2021 08:00:00 +02:00,20635.29,16495.64
03.05.2021 09:00:00 +02:00,20295.19,16358.45
03.05.2021 10:00:00 +02:00,19885.74,15821.84
03.05.2021 11:00:00 +02:00,19052.31,15890.60
03.05.2021 12:00:00 +02:00,18543.95,15805.49
03.05.2021 13:00:00 +02:00,17898.58,15723.93
03.05.2021 14:00:00 +02:00,17678.43,15690.32
03.05.2021 15:00:00 +02:00,17545.20,15657.53
03.05.2021 16:00:00 +02:00,17452.07,15567.29
03.05.2021 17:00:00 +02:00,18975.53,15428.81
03.05.2021 18:00:00 +02:00,20451.11,15062.30
03.05.2021 19:00:00 +02:00,20102.12,15314.28
03.05.2021 20:00:00 +02:00,19754.84,14851.97
03.05.2021 21:00:00 +02:00,19597.66,15178.25
03.05.2021 22:00:00 +02:00,18739.92,15274.44
03.05.2021 23:00:00 +02:00,16933.39,14716.57
04.05.2021 00:00:00 +02:00,14355.79,14197.96
04.05.2021 01:00:00 +02:00,12521.62,14015.83
04.05.2021 02:00:00 +02:00,11289.48,13955.26
04.05.2021 03:00:00 +02:00,9866.98,13960.55
04.05.2021 04:00:00 +02:00,9280.64,13985.03
04.05.2021 05:00:00 +02:00,9885.08,14209.37
04.05.2021 06:00:00 +02:00,12260.52,15254.42
04.05.2021 07:00:00 +02:00,15617.77,16425.73
04.05.2021 08:00:00 +02:00,16095.19,16919.57
04.05.2021 09:00:00 +02:00,14709.15,16659.07
04.05.2021 10:00:00 +02:00,13513.18,15546.43
04.05.2021 11:00:00 +02:00,12623.02,15861.27
04.05.2021 12:00:00 +02:00,12558.29,15942.01
04.05.2021 13:00:00 +02:00,12716.43,16002.99
04.05.2021 14:00:00 +02:00,12660.10,16007.09
04.05.2021 15:00:00 +02:00,12353.30,16008.40
04.05.2021 16:00:00 +02:00,12312.18,16010.63
04.05.2021 17:00:00 +02:00,12621.54,15979.87
04.05.2021 18:00:00 +02:00,14160.55,15847.36
04.05.2021 19:00:00 +02:00,15493.14,15831.44
04.05.2021 20:00:00 +02:00,16002.54,15802.67
04.05.2021 21:00:00 +02:00,15907.63,15730.51
04.05.2021 22:00:00 +02:00,14707.45,15468.80
04.05.2021 23:00:00 +02:00,12580.90,14901.40
05.05.2021 00:00:00 +02:00,11842.67,14373.93
05.05.2021 01:00:00 +02:00,11786.30,14090.24
05.05.2021 02:00:00 +02:00,11840.24,13936.47
05.05.2021 03:00:00 +02:00,11896.51,13959.43
05.05.2021 04:00:00 +02:00,11880.43,14012.53
05.05.2021 05:00:00 +02:00,13596.48,14242.69
05.05.2021 06:00:00 +02:00,16971.97,15214.33
05.05.2021 07:00:00 +02:00,19029.64,16516.83
05.05.2021 08:00:00 +02:00,19056.87,16808.44
05.05.2021 09:00:00 +02:00,17684.19,16674.14
05.05.2021 10:00:00 +02:00,16271.62,16459.87
05.05.2021 11:00:00 +02:00,15144.43,16158.27
05.05.2021 12:00:00 +02:00,14571.10,16150.45
05.05.2021 13:00:00 +02:00,14279.95,16089.87
05.05.2021 14:00:00 +02:00,13681.72,15542.13
05.05.2021 15:00:00 +02:00,13598.07,16288.45
05.05.2021 16:00:00 +02:00,13817.71,16368.86
05.05.2021 17:00:00 +02:00,14923.76,16243.98
05.05.2021 18:00:00 +02:00,16352.25,16077.00
05.05.2021 19:00:00 +02:00,17446.18,16070.90
05.05.2021 20:00:00 +02:00,17243.94,16029.41
05.05.2021 21:00:00 +02:00,17283.10,15957.69
05.05.2021 22:00:00 +02:00,16503.85,15725.58
05.05.2021 23:00:00 +02:00,15143.02,14657.02
06.05.2021 00:00:00 +02:00,13931.35,14564.18
06.05.2021 01:00:00 +02:00,14427.72,13589.31
06.05.2021 02:00:00 +02:00,14184.16,13699.47
06.05.2021 03:00:00 +02:00,14636.81,13719.40
06.05.2021 04:00:00 +02:00,14977.97,14249.71
06.05.2021 05:00:00 +02:00,15882.66,14457.27
06.05.2021 06:00:00 +02:00,18458.44,15139.55
06.05.2021 07:00:00 +02:00,20005.98,16618.93
06.05.2021 08:00:00 +02:00,19993.57,16896.32
06.05.2021 09:00:00 +02:00,18973.83,16539.63
06.05.2021 10:00:00 +02:00,18551.15,15760.23
06.05.2021 11:00:00 +02:00,18764.92,16020.83
06.05.2021 12:00:00 +02:00,19309.67,14843.80
06.05.2021 13:00:00 +02:00,18923.72,15281.96
06.05.2021 14:00:00 +02:00,18642.32,15663.32
06.05.2021 15:00:00 +02:00,19399.39,15337.55
06.05.2021 16:00:00 +02:00,19533.34,15547.88
06.05.2021 17:00:00 +02:00,19633.40,15113.94
06.05.2021 18:00:00 +02:00,20013.22,15241.63
06.05.2021 19:00:00 +02:00,20201.62,14926.76
06.05.2021 20:00:00 +02:00,20054.40,15259.77
06.05.2021 21:00:00 +02:00,19985.29,15310.59
06.05.2021 22:00:00 +02:00,19549.58,15264.15
06.05.2021 23:00:00 +02:00,18659.35,14575.94
07.05.2021 00:00:00 +02:00,17713.69,14130.65
07.05.2021 01:00:00 +02:00,17171.58,14133.84
07.05.2021 02:00:00 +02:00,16896.94,14121.38
07.05.2021 03:00:00 +02:00,16949.63,12548.17
07.05.2021 04:00:00 +02:00,16994.45,14363.89
07.05.2021 05:00:00 +02:00,18203.18,14320.13
07.05.2021 06:00:00 +02:00,19748.77,15453.85
07.05.2021 07:00:00 +02:00,20661.29,16504.78
07.05.2021 08:00:00 +02:00,20519.38,16665.53
07.05.2021 09:00:00 +02:00,20550.53,16343.08
07.05.2021 10:00:00 +02:00,20371.71,15987.70
07.05.2021 11:00:00 +02:00,19962.11,15718.55
07.05.2021 12:00:00 +02:00,19355.79,15488.49
07.05.2021 13:00:00 +02:00,18326.35,14810.44
07.05.2021 14:00:00 +02:00,16899.06,15271.72
07.05.2021 15:00:00 +02:00,16238.63,15096.34
07.05.2021 16:00:00 +02:00,16639.41,14991.09
07.05.2021 17:00:00 +02:00,18260.01,14910.68
07.05.2021 18:00:00 +02:00,19098.32,14855.00
07.05.2021 19:00:00 +02:00,19794.07,14851.93
07.05.2021 20:00:00 +02:00,19887.57,14751.33
07.05.2021 21:00:00 +02:00,19538.06,10071.28
07.05.2021 22:00:00 +02:00,18788.58,12232.69
07.05.2021 23:00:00 +02:00,17020.84,14433.34
08.05.2021 00:00:00 +02:00,16139.42,14131.50
08.05.2021 01:00:00 +02:00,15872.11,13894.95
08.05.2021 02:00:00 +02:00,16131.96,13726.78
08.05.2021 03:00:00 +02:00,16494.85,13778.05
08.05.2021 04:00:00 +02:00,16448.81,13825.05
08.05.2021 05:00:00 +02:00,16583.08,13867.34
08.05.2021 06:00:00 +02:00,15805.67,13547.17
08.05.2021 07:00:00 +02:00,16393.94,14177.60
08.05.2021 08:00:00 +02:00,17053.91,14553.08
08.05.2021 09:00:00 +02:00,15096.83,14846.72
08.05.2021 10:00:00 +02:00,13025.47,15012.81
08.05.2021 11:00:00 +02:00,12014.93,14875.78
08.05.2021 12:00:00 +02:00,11513.88,14683.80
08.05.2021 13:00:00 +02:00,11164.21,14498.37
08.05.2021 14:00:00 +02:00,10675.66,14355.27
08.05.2021 15:00:00 +02:00,10507.51,14231.08
08.05.2021 16:00:00 +02:00,11145.38,14238.11
08.05.2021 17:00:00 +02:00,12660.25,14319.01
08.05.2021 18:00:00 +02:00,15813.51,14487.25
08.05.2021 19:00:00 +02:00,17240.00,14306.25
08.05.2021 20:00:00 +02:00,17547.76,14452.64
08.05.2021 21:00:00 +02:00,17479.03,14374.43
08.05.2021 22:00:00 +02:00,16166.38,14311.52
08.05.2021 23:00:00 +02:00,13542.03,14066.19
09.05.2021 00:00:00 +02:00,11456.15,13753.76
09.05.2021 01:00:00 +02:00,9405.33,11487.61
09.05.2021 02:00:00 +02:00,8776.67,13147.21
09.05.2021 03:00:00 +02:00,8804.96,13330.60
09.05.2021 04:00:00 +02:00,8718.25,13327.78
09.05.2021 05:00:00 +02:00,8832.08,13274.42
09.05.2021 06:00:00 +02:00,9030.71,13370.57
09.05.2021 07:00:00 +02:00,9293.21,13670.93
09.05.2021 08:00:00 +02:00,9466.36,14061.74
09.05.2021 09:00:00 +02:00,9752.00,14589.94
09.05.2021 10:00:00 +02:00,9838.41,14958.74
09.05.2021 11:00:00 +02:00,10098.65,14951.48
09.05.2021 12:00:00 +02:00,10512.52,15070.95
09.05.2021 13:00:00 +02:00,10623.20,15060.31
09.05.2021 14:00:00 +02:00,10332.56,15067.52
09.05.2021 15:00:00 +02:00,10095.66,15048.17
09.05.2021 16:00:00 +02:00,10072.11,15000.38
09.05.2021 17:00:00 +02:00,10747.76,15086.62
09.05.2021 18:00:00 +02:00,12414.99,15113.42
09.05.2021 19:00:00 +02:00,14398.84,15043.68
09.05.2021 20:00:00 +02:00,15201.50,14944.36
09.05.2021 21:00:00 +02:00,15359.55,14844.59
09.05.2021 22:00:00 +02:00,14933.97,14591.19
09.05.2021 23:00:00 +02:00,13604.48,14188.06
10.05.2021 00:00:00 +02:00,11697.43,13702.37
10.05.2021 01:00:00 +02:00,10886.67,13412.31
10.05.2021 02:00:00 +02:00,10038.97,13040.84
10.05.2021 03:00:00 +02:00,9990.16,13260.42
10.05.2021 04:00:00 +02:00,10398.58,13275.13
10.05.2021 05:00:00 +02:00,12013.52,13469.50
10.05.2021 06:00:00 +02:00,15285.19,14355.64
10.05.2021 07:00:00 +02:00,18261.83,15617.90
10.05.2021 08:00:00 +02:00,19447.54,16154.02
10.05.2021 09:00:00 +02:00,19207.15,16072.26
10.05.2021 10:00:00 +02:00,18232.91,15878.05
10.05.2021 11:00:00 +02:00,17777.67,15760.89
10.05.2021 12:00:00 +02:00,16682.20,15635.77
10.05.2021 13:00:00 +02:00,16045.03,15476.32
10.05.2021 14:00:00 +02:00,15943.44,15504.27
10.05.2021 15:00:00 +02:00,16690.22,14672.34
10.05.2021 16:00:00 +02:00,17331.57,11340.25
10.05.2021 17:00:00 +02:00,17974.27,15087.16
10.05.2021 18:00:00 +02:00,18738.45,14913.48
10.05.2021 19:00:00 +02:00,19191.37,8817.72
10.05.2021 20:00:00 +02:00,19018.94,14750.05
10.05.2021 21:00:00 +02:00,18776.86,14856.75
10.05.2021 22:00:00 +02:00,18016.82,13890.97
10.05.2021 23:00:00 +02:00,17121.49,11229.08
11.05.2021 00:00:00 +02:00,15601.58,7005.82
11.05.2021 01:00:00 +02:00,14581.11,6175.31
11.05.2021 02:00:00 +02:00,14242.66,2622.35
11.05.2021 03:00:00 +02:00,13975.20,218.52
11.05.2021 04:00:00 +02:00,13925.44,5232.65
11.05.2021 05:00:00 +02:00,14887.52,11672.74
11.05.2021 06:00:00 +02:00,17303.93,12759.13
11.05.2021 07:00:00 +02:00,19688.41,15145.07
11.05.2021 08:00:00 +02:00,20263.82,15535.70
11.05.2021 09:00:00 +02:00,19999.95,15417.01
11.05.2021 10:00:00 +02:00,19951.91,14287.43
11.05.2021 11:00:00 +02:00,19561.50,15209.70
11.05.2021 12:00:00 +02:00,19784.37,15091.98
11.05.2021 13:00:00 +02:00,19498.46,14256.04
11.05.2021 14:00:00 +02:00,18863.30,14386.41
11.05.2021 15:00:00 +02:00,18824.94,14786.60
11.05.2021 16:00:00 +02:00,18938.41,14756.82
11.05.2021 17:00:00 +02:00,19141.82,14634.66
11.05.2021 18:00:00 +02:00,19174.64,14516.96
11.05.2021 19:00:00 +02:00,19132.66,14394.73
11.05.2021 20:00:00 +02:00,18481.97,14392.24
11.05.2021 21:00:00 +02:00,18340.69,14384.75
11.05.2021 22:00:00 +02:00,17708.10,14304.33
11.05.2021 23:00:00 +02:00,16536.20,13879.15
12.05.2021 00:00:00 +02:00,15487.89,13125.83
12.05.2021 01:00:00 +02:00,14758.20,13042.44
12.05.2021 02:00:00 +02:00,14420.92,12858.97
12.05.2021 03:00:00 +02:00,14479.97,12811.58
12.05.2021 04:00:00 +02:00,14728.90,12865.93
12.05.2021 05:00:00 +02:00,15393.24,12983.63
12.05.2021 06:00:00 +02:00,17670.69,13804.30
12.05.2021 07:00:00 +02:00,19699.72,15034.22
12.05.2021 08:00:00 +02:00,20404.72,15428.04
12.05.2021 09:00:00 +02:00,19884.69,15393.41
12.05.2021 10:00:00 +02:00,19553.26,15328.05
12.05.2021 11:00:00 +02:00,19527.50,14976.31
12.05.2021 12:00:00 +02:00,19503.20,15196.37
12.05.2021 13:00:00 +02:00,19408.65,15129.67
12.05.2021 14:00:00 +02:00,19044.74,8284.48
12.05.2021 15:00:00 +02:00,18684.24,14770.98
12.05.2021 16:00:00 +02:00,18480.68,14971.96
12.05.2021 17:00:00 +02:00,19048.88,14767.46
12.05.2021 18:00:00 +02:00,19801.71,14647.96
12.05.2021 19:00:00 +02:00,19955.27,14606.42
12.05.2021 20:00:00 +02:00,19037.01,14528.85
12.05.2021 21:00:00 +02:00,18818.44,14395.76
12.05.2021 22:00:00 +02:00,18235.15,14209.92
12.05.2021 23:00:00 +02:00,17214.64,13813.09
13.05.2021 00:00:00 +02:00,16408.53,13402.61
13.05.2021 01:00:00 +02:00,15560.14,13107.74
13.05.2021 02:00:00 +02:00,15199.54,12887.64
13.05.2021 03:00:00 +02:00,14979.12,12835.03
13.05.2021 04:00:00 +02:00,14979.81,12831.60
13.05.2021 05:00:00 +02:00,15855.75,12792.09
13.05.2021 06:00:00 +02:00,17266.02,13045.48
13.05.2021 07:00:00 +02:00,17885.27,13471.08
13.05.2021 08:00:00 +02:00,18930.78,13798.41
13.05.2021 09:00:00 +02:00,19485.94,14175.90
13.05.2021 10:00:00 +02:00,19286.95,14426.38
13.05.2021 11:00:00 +02:00,18995.65,14441.14
13.05.2021 12:00:00 +02:00,18290.20,14208.32
13.05.2021 13:00:00 +02:00,17231.91,14030.32
13.05.2021 14:00:00 +02:00,16340.52,13856.90
13.05.2021 15:00:00 +02:00,16548.88,13782.51
13.05.2021 16:00:00 +02:00,17059.85,13740.73
13.05.2021 17:00:00 +02:00,17972.01,13691.83
13.05.2021 18:00:00 +02:00,18153.85,13731.82
13.05.2021 19:00:00 +02:00,18139.73,13704.84
13.05.2021 20:00:00 +02:00,17613.64,13655.16
13.05.2021 21:00:00 +02:00,17390.25,13596.63
13.05.2021 22:00:00 +02:00,16695.43,13480.01
13.05.2021 23:00:00 +02:00,15649.63,13172.12
14.05.2021 00:00:00 +02:00,14657.25,12787.06
14.05.2021 01:00:00 +02:00,14536.62,12501.04
14.05.2021 02:00:00 +02:00,14416.13,12374.74
14.05.2021 03:00:00 +02:00,14384.45,12363.98
14.05.2021 04:00:00 +02:00,14372.94,12407.31
14.05.2021 05:00:00 +02:00,15186.88,12477.93
14.05.2021 06:00:00 +02:00,16645.34,13013.78
14.05.2021 07:00:00 +02:00,17813.58,13782.19
14.05.2021 08:00:00 +02:00,18457.77,14218.30
14.05.2021 09:00:00 +02:00,18806.03,14380.82
14.05.2021 10:00:00 +02:00,18535.48,14354.33
14.05.2021 11:00:00 +02:00,18449.65,14422.84
14.05.2021 12:00:00 +02:00,18436.60,14315.94
14.05.2021 13:00:00 +02:00,18214.12,14160.90
14.05.2021 14:00:00 +02:00,17630.09,14020.37
14.05.2021 15:00:00 +02:00,17171.62,13843.00
14.05.2021 16:00:00 +02:00,17006.60,13811.82
14.05.2021 17:00:00 +02:00,17431.86,13718.84
14.05.2021 18:00:00 +02:00,18063.10,13724.48
14.05.2021 19:00:00 +02:00,17875.43,13713.43
14.05.2021 20:00:00 +02:00,16988.46,13613.52
14.05.2021 21:00:00 +02:00,16638.87,13466.62
14.05.2021 22:00:00 +02:00,16017.74,13221.27
14.05.2021 23:00:00 +02:00,14942.75,12969.58
15.05.2021 00:00:00 +02:00,14870.42,12658.43
15.05.2021 01:00:00 +02:00,14176.87,12287.82
15.05.2021 02:00:00 +02:00,14032.65,12118.88
15.05.2021 03:00:00 +02:00,13886.05,12049.92
15.05.2021 04:00:00 +02:00,13809.42,11987.86
15.05.2021 05:00:00 +02:00,13803.94,11932.67
15.05.2021 06:00:00 +02:00,14007.50,12068.11
15.05.2021 07:00:00 +02:00,14811.64,12415.48
15.05.2021 08:00:00 +02:00,16272.62,12870.22
15.05.2021 09:00:00 +02:00,17611.44,13397.32
15.05.2021 10:00:00 +02:00,18467.03,13755.15
15.05.2021 11:00:00 +02:00,18354.19,13751.95
15.05.2021 12:00:00 +02:00,17940.05,13708.33
15.05.2021 13:00:00 +02:00,17101.79,13628.82
15.05.2021 14:00:00 +02:00,15709.86,13622.82
15.05.2021 15:00:00 +02:00,15763.75,13560.43
15.05.2021 16:00:00 +02:00,16721.46,13583.26
15.05.2021 17:00:00 +02:00,17968.91,13705.97
15.05.2021 18:00:00 +02:00,17896.35,13813.30
15.05.2021 19:00:00 +02:00,17872.18,13826.77
15.05.2021 20:00:00 +02:00,17809.77,13665.40
15.05.2021 21:00:00 +02:00,17865.59,13490.05
15.05.2021 22:00:00 +02:00,17787.48,13414.11
15.05.2021 23:00:00 +02:00,16424.84,13136.73
16.05.2021 00:00:00 +02:00,15045.00,12796.53
16.05.2021 01:00:00 +02:00,13493.34,12566.37
16.05.2021 02:00:00 +02:00,12735.05,12392.87
16.05.2021 03:00:00 +02:00,12208.79,12341.84
16.05.2021 04:00:00 +02:00,11591.67,12295.97
16.05.2021 05:00:00 +02:00,11620.17,12199.57
16.05.2021 06:00:00 +02:00,11751.17,12335.49
16.05.2021 07:00:00 +02:00,12314.95,12509.59
16.05.2021 08:00:00 +02:00,13411.30,12881.68
16.05.2021 09:00:00 +02:00,13883.14,13355.26
16.05.2021 10:00:00 +02:00,13257.76,12859.54
16.05.2021 11:00:00 +02:00,12805.66,13882.73
16.05.2021 12:00:00 +02:00,12458.24,13867.43
16.05.2021 13:00:00 +02:00,10929.40,13852.53
16.05.2021 14:00:00 +02:00,10856.35,13857.12
16.05.2021 15:00:00 +02:00,11554.80,13587.15
16.05.2021 16:00:00 +02:00,13188.19,13853.82
16.05.2021 17:00:00 +02:00,15574.89,13913.66
16.05.2021 18:00:00 +02:00,17673.35,13978.16
16.05.2021 19:00:00 +02:00,18598.73,13938.67
16.05.2021 20:00:00 +02:00,18895.42,13948.80
16.05.2021 21:00:00 +02:00,18990.63,13810.20
16.05.2021 22:00:00 +02:00,18622.54,13740.83
16.05.2021 23:00:00 +02:00,17686.17,13407.02
17.05.2021 00:00:00 +02:00,16696.98,12993.38
17.05.2021 01:00:00 +02:00,16388.57,12609.60
17.05.2021 02:00:00 +02:00,16284.74,12408.05
17.05.2021 03:00:00 +02:00,16277.13,12322.77
17.05.2021 04:00:00 +02:00,16390.86,12273.09
17.05.2021 05:00:00 +02:00,16817.43,12270.07
17.05.2021 06:00:00 +02:00,18307.13,12529.00
17.05.2021 07:00:00 +02:00,19719.10,13021.88
17.05.2021 08:00:00 +02:00,20646.18,13738.17
17.05.2021 09:00:00 +02:00,21134.80,14316.47
17.05.2021 10:00:00 +02:00,21244.96,14443.81
17.05.2021 11:00:00 +02:00,20851.54,14316.84
17.05.2021 12:00:00 +02:00,20471.74,14077.02
17.05.2021 13:00:00 +02:00,19632.82,13900.61
17.05.2021 14:00:00 +02:00,19316.27,13782.59
17.05.2021 15:00:00 +02:00,19213.60,13667.19
17.05.2021 16:00:00 +02:00,19036.43,13521.45
17.05.2021 17:00:00 +02:00,19250.16,13388.82
17.05.2021 18:00:00 +02:00,19870.87,13381.14
17.05.2021 19:00:00 +02:00,20216.16,13484.37
17.05.2021 20:00:00 +02:00,19263.82,13558.94
17.05.2021 21:00:00 +02:00,18588.63,13578.11
17.05.2021 22:00:00 +02:00,18087.23,13609.59
17.05.2021 23:00:00 +02:00,16662.20,13360.46
18.05.2021 00:00:00 +02:00,16124.84,12983.45
18.05.2021 01:00:00 +02:00,15189.24,12713.82
18.05.2021 02:00:00 +02:00,14819.44,12558.60
18.05.2021 03:00:00 +02:00,15072.88,12584.68
18.05.2021 04:00:00 +02:00,15578.50,12585.07
18.05.2021 05:00:00 +02:00,16340.72,12773.68
18.05.2021 06:00:00 +02:00,18201.63,13644.04
18.05.2021 07:00:00 +02:00,20475.05,14782.45
18.05.2021 08:00:00 +02:00,21455.09,15232.14
18.05.2021 09:00:00 +02:00,21310.44,15237.37
18.05.2021 10:00:00 +02:00,21157.73,14913.93
18.05.2021 11:00:00 +02:00,20851.32,14745.15
18.05.2021 12:00:00 +02:00,20269.31,14653.93
18.05.2021 13:00:00 +02:00,19924.03,14792.63
18.05.2021 14:00:00 +02:00,19919.61,14758.70
18.05.2021 15:00:00 +02:00,19970.07,14760.24
18.05.2021 16:00:00 +02:00,20195.89,14700.67
18.05.2021 17:00:00 +02:00,20955.04,14521.51
18.05.2021 18:00:00 +02:00,20911.94,14316.64
18.05.2021 19:00:00 +02:00,20946.72,14221.32
18.05.2021 20:00:00 +02:00,20371.75,14216.96
18.05.2021 21:00:00 +02:00,20057.45,14083.66
18.05.2021 22:00:00 +02:00,19563.47,13923.64
18.05.2021 23:00:00 +02:00,18220.60,12866.96
19.05.2021 00:00:00 +02:00,17394.14,12790.35
19.05.2021 01:00:00 +02:00,16788.61,12681.37
19.05.2021 02:00:00 +02:00,16886.16,12569.35
19.05.2021 03:00:00 +02:00,16759.11,12517.37
19.05.2021 04:00:00 +02:00,16752.94,12543.74
19.05.2021 05:00:00 +02:00,17191.31,12272.00
19.05.2021 06:00:00 +02:00,19090.67,12695.32
19.05.2021 07:00:00 +02:00,21063.93,14670.65
19.05.2021 08:00:00 +02:00,21721.62,15025.74
19.05.2021 09:00:00 +02:00,20933.85,14429.60
19.05.2021 10:00:00 +02:00,20687.12,14612.92
19.05.2021 11:00:00 +02:00,20084.77,14357.21
19.05.2021 12:00:00 +02:00,19697.39,14321.58
19.05.2021 13:00:00 +02:00,19766.72,14064.62
19.05.2021 14:00:00 +02:00,19249.02,14297.46
19.05.2021 15:00:00 +02:00,18956.28,14071.97
19.05.2021 16:00:00 +02:00,18969.67,14074.24
19.05.2021 17:00:00 +02:00,19366.85,14165.76
19.05.2021 18:00:00 +02:00,20041.42,13751.59
19.05.2021 19:00:00 +02:00,19779.90,13927.24
19.05.2021 20:00:00 +02:00,18749.02,14007.69
19.05.2021 21:00:00 +02:00,18070.11,13979.02
19.05.2021 22:00:00 +02:00,17700.97,13863.85
19.05.2021 23:00:00 +02:00,16169.51,13423.90
20.05.2021 00:00:00 +02:00,14393.25,12828.59
20.05.2021 01:00:00 +02:00,14076.24,12496.13
20.05.2021 02:00:00 +02:00,14074.00,12353.63
20.05.2021 03:00:00 +02:00,13702.33,12357.15
20.05.2021 04:00:00 +02:00,13704.71,12372.88
20.05.2021 05:00:00 +02:00,14474.08,12534.43
20.05.2021 06:00:00 +02:00,17853.45,13337.59
20.05.2021 07:00:00 +02:00,20895.50,14503.49
20.05.2021 08:00:00 +02:00,21375.84,14873.08
20.05.2021 09:00:00 +02:00,20406.61,14743.75
20.05.2021 10:00:00 +02:00,19945.34,13639.68
20.05.2021 11:00:00 +02:00,19537.13,13461.98
20.05.2021 12:00:00 +02:00,18970.58,14339.44
20.05.2021 13:00:00 +02:00,18506.11,14344.86
20.05.2021 14:00:00 +02:00,17554.88,14282.95
20.05.2021 15:00:00 +02:00,16973.56,14260.36
20.05.2021 16:00:00 +02:00,17180.45,14287.89
20.05.2021 17:00:00 +02:00,18599.42,14160.14
20.05.2021 18:00:00 +02:00,19786.71,13992.30
20.05.2021 19:00:00 +02:00,19898.76,13974.60
20.05.2021 20:00:00 +02:00,18710.73,14036.58
20.05.2021 21:00:00 +02:00,18192.66,13750.44
20.05.2021 22:00:00 +02:00,17905.07,13900.62
20.05.2021 23:00:00 +02:00,16423.48,13534.68
21.05.2021 00:00:00 +02:00,13838.18,12940.40
21.05.2021 01:00:00 +02:00,11764.52,12675.15
21.05.2021 02:00:00 +02:00,9957.06,12542.35
21.05.2021 03:00:00 +02:00,9091.65,12518.89
21.05.2021 04:00:00 +02:00,9285.81,12500.12
21.05.2021 05:00:00 +02:00,11133.20,12722.34
21.05.2021 06:00:00 +02:00,15354.18,13480.15
21.05.2021 07:00:00 +02:00,18837.02,14670.64
21.05.2021 08:00:00 +02:00,19415.88,15017.26
21.05.2021 09:00:00 +02:00,16945.73,14955.24
21.05.2021 10:00:00 +02:00,14292.39,14777.51
21.05.2021 11:00:00 +02:00,13338.74,14525.24
21.05.2021 12:00:00 +02:00,12479.83,14541.08
21.05.2021 13:00:00 +02:00,11486.33,14300.78
21.05.2021 14:00:00 +02:00,10437.90,14232.39
21.05.2021 15:00:00 +02:00,10189.39,14038.20
21.05.2021 16:00:00 +02:00,11058.13,13972.60
21.05.2021 17:00:00 +02:00,13052.77,13868.76
21.05.2021 18:00:00 +02:00,15195.14,13825.25
21.05.2021 19:00:00 +02:00,16729.43,13772.40
21.05.2021 20:00:00 +02:00,15819.65,13616.61
21.05.2021 21:00:00 +02:00,16163.69,13413.81
21.05.2021 22:00:00 +02:00,15694.04,13261.96
21.05.2021 23:00:00 +02:00,13616.92,13086.96
22.05.2021 00:00:00 +02:00,11252.15,12783.29
22.05.2021 01:00:00 +02:00,9944.59,12472.13
22.05.2021 02:00:00 +02:00,8871.75,12291.04
22.05.2021 03:00:00 +02:00,8206.75,12229.02
22.05.2021 04:00:00 +02:00,8229.03,11733.05
22.05.2021 05:00:00 +02:00,8255.74,12092.86
22.05.2021 06:00:00 +02:00,8231.18,12221.92
22.05.2021 07:00:00 +02:00,8725.80,12473.75
22.05.2021 08:00:00 +02:00,9163.68,12905.11
22.05.2021 09:00:00 +02:00,9397.49,13372.86
22.05.2021 10:00:00 +02:00,9893.37,13662.26
22.05.2021 11:00:00 +02:00,9973.51,13711.63
22.05.2021 12:00:00 +02:00,9968.05,13185.95
22.05.2021 13:00:00 +02:00,9638.61,13569.47
22.05.2021 14:00:00 +02:00,9180.63,13381.39
22.05.2021 15:00:00 +02:00,9041.84,13329.58
22.05.2021 16:00:00 +02:00,9750.65,13300.48
22.05.2021 17:00:00 +02:00,10883.98,13362.34
22.05.2021 18:00:00 +02:00,11387.61,13416.94
22.05.2021 19:00:00 +02:00,12957.39,13388.24
22.05.2021 20:00:00 +02:00,13447.74,13222.32
22.05.2021 21:00:00 +02:00,13612.74,13053.27
22.05.2021 22:00:00 +02:00,13218.28,12890.06
22.05.2021 23:00:00 +02:00,11904.49,12731.32
23.05.2021 00:00:00 +02:00,11088.65,12445.44
23.05.2021 01:00:00 +02:00,10012.84,12323.60
23.05.2021 02:00:00 +02:00,9908.35,12075.04
23.05.2021 03:00:00 +02:00,9529.21,12021.39
23.05.2021 04:00:00 +02:00,9462.29,11913.85
23.05.2021 05:00:00 +02:00,9220.01,11790.50
23.05.2021 06:00:00 +02:00,9171.17,11885.53
23.05.2021 07:00:00 +02:00,9326.09,12073.31
23.05.2021 08:00:00 +02:00,9473.44,12371.72
23.05.2021 09:00:00 +02:00,9477.77,12751.35
23.05.2021 10:00:00 +02:00,9139.61,13065.75
23.05.2021 11:00:00 +02:00,9233.73,13184.94
23.05.2021 12:00:00 +02:00,9121.63,13180.41
23.05.2021 13:00:00 +02:00,9067.30,13141.62
23.05.2021 14:00:00 +02:00,8828.81,13133.14
23.05.2021 15:00:00 +02:00,8914.48,13128.54
23.05.2021 16:00:00 +02:00,9420.01,13133.73
23.05.2021 17:00:00 +02:00,11357.37,13207.22
23.05.2021 18:00:00 +02:00,13857.19,13305.30
23.05.2021 19:00:00 +02:00,16268.02,13282.07
23.05.2021 20:00:00 +02:00,17052.43,13020.67
23.05.2021 21:00:00 +02:00,17997.44,13061.34
23.05.2021 22:00:00 +02:00,18544.73,12982.87
23.05.2021 23:00:00 +02:00,17600.98,12773.39
24.05.2021 00:00:00 +02:00,15198.92,12444.78
24.05.2021 01:00:00 +02:00,13090.46,12171.65
24.05.2021 02:00:00 +02:00,10945.07,12027.88
24.05.2021 03:00:00 +02:00,9371.10,12004.76
24.05.2021 04:00:00 +02:00,9196.51,12014.15
24.05.2021 05:00:00 +02:00,9928.30,12053.99
24.05.2021 06:00:00 +02:00,11563.24,12282.08
24.05.2021 07:00:00 +02:00,12149.37,12537.76
24.05.2021 08:00:00 +02:00,12589.05,12940.64
24.05.2021 09:00:00 +02:00,13348.33,13323.18
24.05.2021 10:00:00 +02:00,13479.88,13579.43
24.05.2021 11:00:00 +02:00,13864.38,13647.45
24.05.2021 12:00:00 +02:00,13834.45,13615.40
24.05.2021 13:00:00 +02:00,13309.86,13523.62
24.05.2021 14:00:00 +02:00,12662.05,13491.22
24.05.2021 15:00:00 +02:00,12903.25,13538.14
24.05.2021 16:00:00 +02:00,14254.54,13578.59
24.05.2021 17:00:00 +02:00,16370.50,13628.67
24.05.2021 18:00:00 +02:00,18057.71,13668.87
24.05.2021 19:00:00 +02:00,18940.29,13669.49
24.05.2021 20:00:00 +02:00,19396.90,13603.39
24.05.2021 21:00:00 +02:00,19664.54,13523.00
24.05.2021 22:00:00 +02:00,19221.16,13417.17
24.05.2021 23:00:00 +02:00,17788.04,11145.43
25.05.2021 00:00:00 +02:00,16134.42,12419.13
25.05.2021 01:00:00 +02:00,15015.18,12339.56
25.05.2021 02:00:00 +02:00,14405.15,12199.87
25.05.2021 03:00:00 +02:00,13807.25,12146.81
25.05.2021 04:00:00 +02:00,13832.05,12092.88
25.05.2021 05:00:00 +02:00,14748.80,12276.11
25.05.2021 06:00:00 +02:00,18662.11,13010.80
25.05.2021 07:00:00 +02:00,20551.67,14411.49
25.05.2021 08:00:00 +02:00,20455.15,12676.51
25.05.2021 09:00:00 +02:00,20285.79,9194.95
25.05.2021 10:00:00 +02:00,20264.77,14543.23
25.05.2021 11:00:00 +02:00,19997.43,14644.21
25.05.2021 12:00:00 +02:00,19642.03,14577.16
25.05.2021 13:00:00 +02:00,18551.64,14522.25
25.05.2021 14:00:00 +02:00,17055.27,14365.41
25.05.2021 15:00:00 +02:00,16426.33,14267.53
25.05.2021 16:00:00 +02:00,17728.15,14053.42
25.05.2021 17:00:00 +02:00,18751.37,13941.21
25.05.2021 18:00:00 +02:00,19008.31,14093.16
25.05.2021 19:00:00 +02:00,18679.43,11977.15
25.05.2021 20:00:00 +02:00,17757.37,12159.53
25.05.2021 21:00:00 +02:00,17395.66,10908.62
25.05.2021 22:00:00 +02:00,16380.52,13698.41
25.05.2021 23:00:00 +02:00,15175.71,13256.29
26.05.2021 00:00:00 +02:00,14450.67,12675.79
26.05.2021 01:00:00 +02:00,14014.11,11743.93
26.05.2021 02:00:00 +02:00,13943.96,11625.80
26.05.2021 03:00:00 +02:00,13766.08,12168.64
26.05.2021 04:00:00 +02:00,13889.50,12140.99
26.05.2021 05:00:00 +02:00,14915.04,12310.18
26.05.2021 06:00:00 +02:00,17426.34,12947.48
26.05.2021 07:00:00 +02:00,19091.38,12093.40
26.05.2021 08:00:00 +02:00,19426.90,14794.90
26.05.2021 09:00:00 +02:00,18924.89,14752.78
26.05.2021 10:00:00 +02:00,18824.91,12188.83
26.05.2021 11:00:00 +02:00,18717.61,14550.72
26.05.2021 12:00:00 +02:00,18851.34,14546.67
26.05.2021 13:00:00 +02:00,18456.79,12277.14
26.05.2021 14:00:00 +02:00,17291.11,14205.47
26.05.2021 15:00:00 +02:00,16759.51,14217.25
26.05.2021 16:00:00 +02:00,16479.46,13957.47
26.05.2021 17:00:00 +02:00,16745.55,13349.77
26.05.2021 18:00:00 +02:00,17014.05,13922.70
26.05.2021 19:00:00 +02:00,16572.42,13837.00
26.05.2021 20:00:00 +02:00,15808.61,12703.57
26.05.2021 21:00:00 +02:00,15539.40,11241.08
26.05.2021 22:00:00 +02:00,14966.79,13407.19
26.05.2021 23:00:00 +02:00,14418.70,13220.13
27.05.2021 00:00:00 +02:00,13807.39,12122.60
27.05.2021 01:00:00 +02:00,13163.69,11213.92
27.05.2021 02:00:00 +02:00,13030.17,11646.69
27.05.2021 03:00:00 +02:00,13255.48,9603.71
27.05.2021 04:00:00 +02:00,13551.60,11213.08
27.05.2021 05:00:00 +02:00,14976.03,12415.05
27.05.2021 06:00:00 +02:00,17019.59,13214.33
27.05.2021 07:00:00 +02:00,18920.66,14220.81
27.05.2021 08:00:00 +02:00,19282.00,14077.01
27.05.2021 09:00:00 +02:00,18942.28,11603.36
27.05.2021 10:00:00 +02:00,18726.84,12451.96
27.05.2021 11:00:00 +02:00,18685.77,14000.45
27.05.2021 12:00:00 +02:00,18786.51,13931.56
27.05.2021 13:00:00 +02:00,18678.94,13995.35
27.05.2021 14:00:00 +02:00,18266.99,12433.54
27.05.2021 15:00:00 +02:00,18270.40,13521.57
27.05.2021 16:00:00 +02:00,18521.43,13934.01
27.05.2021 17:00:00 +02:00,18526.70,13818.20
27.05.2021 18:00:00 +02:00,18218.16,13705.15
27.05.2021 19:00:00 +02:00,18568.30,13720.85
27.05.2021 20:00:00 +02:00,18917.44,13478.00
27.05.2021 21:00:00 +02:00,18714.33,13666.46
27.05.2021 22:00:00 +02:00,18442.55,13558.73
27.05.2021 23:00:00 +02:00,17011.78,11883.09
28.05.2021 00:00:00 +02:00,16397.76,12521.94
28.05.2021 01:00:00 +02:00,15932.32,10973.13
28.05.2021 02:00:00 +02:00,15457.66,12271.72
28.05.2021 03:00:00 +02:00,15345.16,12235.90
28.05.2021 04:00:00 +02:00,15349.95,12238.87
28.05.2021 05:00:00 +02:00,16178.45,12438.71
28.05.2021 06:00:00 +02:00,18775.50,12763.59
28.05.2021 07:00:00 +02:00,19647.68,13273.28
28.05.2021 08:00:00 +02:00,20207.63,14641.79
28.05.2021 09:00:00 +02:00,20082.40,14515.87
28.05.2021 10:00:00 +02:00,19419.56,14329.16
28.05.2021 11:00:00 +02:00,19056.79,14175.13
28.05.2021 12:00:00 +02:00,18636.54,14050.11
28.05.2021 13:00:00 +02:00,18528.20,13900.62
28.05.2021 14:00:00 +02:00,17712.55,13803.66
28.05.2021 15:00:00 +02:00,17195.75,12686.61
28.05.2021 16:00:00 +02:00,16781.38,13493.22
28.05.2021 17:00:00 +02:00,16904.82,13371.94
28.05.2021 18:00:00 +02:00,17464.09,13249.86
28.05.2021 19:00:00 +02:00,17489.74,13200.08
28.05.2021 20:00:00 +02:00,17083.08,13054.53
28.05.2021 21:00:00 +02:00,17366.62,12899.46
28.05.2021 22:00:00 +02:00,17035.59,12818.51
28.05.2021 23:00:00 +02:00,16417.00,12559.21
29.05.2021 00:00:00 +02:00,15798.40,12073.06
29.05.2021 01:00:00 +02:00,15421.86,11829.31
29.05.2021 02:00:00 +02:00,15413.36,11754.30
29.05.2021 03:00:00 +02:00,15596.24,11664.34
29.05.2021 04:00:00 +02:00,15832.16,11542.02
29.05.2021 05:00:00 +02:00,15962.42,11532.93
29.05.2021 06:00:00 +02:00,16661.54,11650.94
29.05.2021 07:00:00 +02:00,17370.21,11847.21
29.05.2021 08:00:00 +02:00,17855.44,12342.83
29.05.2021 09:00:00 +02:00,18037.47,12796.25
29.05.2021 10:00:00 +02:00,17697.64,11975.31
29.05.2021 11:00:00 +02:00,16212.47,12995.91
29.05.2021 12:00:00 +02:00,14036.93,12872.51
29.05.2021 13:00:00 +02:00,12130.07,12697.81
29.05.2021 14:00:00 +02:00,11480.40,11126.67
29.05.2021 15:00:00 +02:00,11232.75,12485.43
29.05.2021 16:00:00 +02:00,11765.23,12467.54
29.05.2021 17:00:00 +02:00,13782.72,12513.26
29.05.2021 18:00:00 +02:00,16422.42,10606.53
29.05.2021 19:00:00 +02:00,17367.69,12509.59
29.05.2021 20:00:00 +02:00,17109.98,12398.91
29.05.2021 21:00:00 +02:00,17068.49,12264.67
29.05.2021 22:00:00 +02:00,16782.43,12134.07
29.05.2021 23:00:00 +02:00,16202.56,12050.19
30.05.2021 00:00:00 +02:00,15588.17,11818.23
30.05.2021 01:00:00 +02:00,14661.20,11549.49
30.05.2021 02:00:00 +02:00,14105.70,11352.74
30.05.2021 03:00:00 +02:00,12911.08,11294.63
30.05.2021 04:00:00 +02:00,12792.96,11171.84
30.05.2021 05:00:00 +02:00,12264.32,11150.76
30.05.2021 06:00:00 +02:00,12031.95,11156.38
30.05.2021 07:00:00 +02:00,12080.61,11319.56
30.05.2021 08:00:00 +02:00,11903.39,11619.12
30.05.2021 09:00:00 +02:00,11454.23,12004.12
30.05.2021 10:00:00 +02:00,9776.38,12268.05
30.05.2021 11:00:00 +02:00,9423.65,12322.26
30.05.2021 12:00:00 +02:00,9344.29,12286.07
30.05.2021 13:00:00 +02:00,9243.40,12257.06
30.05.2021 14:00:00 +02:00,9034.56,12228.60
30.05.2021 15:00:00 +02:00,9263.62,12179.90
30.05.2021 16:00:00 +02:00,9589.16,12241.27
30.05.2021 17:00:00 +02:00,10972.30,12325.34
30.05.2021 18:00:00 +02:00,12745.17,12500.40
30.05.2021 19:00:00 +02:00,14114.82,12641.78
30.05.2021 20:00:00 +02:00,14860.31,12749.58
30.05.2021 21:00:00 +02:00,15257.11,12693.03
30.05.2021 22:00:00 +02:00,15102.28,12538.92
30.05.2021 23:00:00 +02:00,15017.47,12309.07
31.05.2021 00:00:00 +02:00,14666.11,11843.60
31.05.2021 01:00:00 +02:00,14547.42,11575.82
31.05.2021 02:00:00 +02:00,14254.25,11414.32
31.05.2021 03:00:00 +02:00,14209.33,11340.03
31.05.2021 04:00:00 +02:00,14410.44,11300.86
31.05.2021 05:00:00 +02:00,15121.47,11486.75
31.05.2021 06:00:00 +02:00,16895.86,12273.10
31.05.2021 07:00:00 +02:00,18668.96,13350.13
31.05.2021 08:00:00 +02:00,18986.56,13795.97
31.05.2021 09:00:00 +02:00,18796.67,13825.06
31.05.2021 10:00:00 +02:00,18699.84,13751.93
31.05.2021 11:00:00 +02:00,18315.27,13560.36
31.05.2021 12:00:00 +02:00,18215.47,13548.58
31.05.2021 13:00:00 +02:00,18189.14,11033.64
31.05.2021 14:00:00 +02:00,18048.11,13405.90
31.05.2021 15:00:00 +02:00,17829.54,8023.14
31.05.2021 16:00:00 +02:00,17779.44,13066.23
31.05.2021 17:00:00 +02:00,18138.94,13198.08
31.05.2021 18:00:00 +02:00,18714.73,13077.92
31.05.2021 19:00:00 +02:00,19115.33,13058.23
31.05.2021 20:00:00 +02:00,18523.16,13056.90
31.05.2021 21:00:00 +02:00,17383.71,12970.14
31.05.2021 22:00:00 +02:00,16864.58,12728.18
31.05.2021 23:00:00 +02:00,16086.91,12220.28
01.06.2021 00:00:00 +02:00,15571.55,11475.84
01.06.2021 01:00:00 +02:00,15376.18,11544.71
01.06.2021 02:00:00 +02:00,15274.55,11366.97
01.06.2021 03:00:00 +02:00,15095.92,11299.92
01.06.2021 04:00:00 +02:00,15145.72,11009.20
01.06.2021 05:00:00 +02:00,16013.03,11331.70
01.06.2021 06:00:00 +02:00,16796.05,11673.49
01.06.2021 07:00:00 +02:00,18232.43,13072.37
01.06.2021 08:00:00 +02:00,18936.19,13451.08
01.06.2021 09:00:00 +02:00,18390.47,13155.03
01.06.2021 10:00:00 +02:00,18373.20,13219.54
01.06.2021 11:00:00 +02:00,17914.90,12304.93
01.06.2021 12:00:00 +02:00,18214.09,12651.47
01.06.2021 13:00:00 +02:00,18214.09,12801.34
01.06.2021 14:00:00 +02:00,18214.09,13058.71
01.06.2021 15:00:00 +02:00,18214.09,13077.09
01.06.2021 16:00:00 +02:00,18215.91,12918.72
01.06.2021 17:00:00 +02:00,18220.04,12955.09
01.06.2021 18:00:00 +02:00,18221.09,12808.57
01.06.2021 19:00:00 +02:00,18223.45,12758.04
01.06.2021 20:00:00 +02:00,18221.95,12734.32
01.06.2021 21:00:00 +02:00,18220.32,12617.07
01.06.2021 22:00:00 +02:00,18219.73,12253.59
01.06.2021 23:00:00 +02:00,18215.66,12049.80
02.06.2021 00:00:00 +02:00,18216.92,11474.05
02.06.2021 01:00:00 +02:00,18214.77,11131.06
02.06.2021 02:00:00 +02:00,18218.25,10951.43
02.06.2021 03:00:00 +02:00,18221.73,10885.83
02.06.2021 04:00:00 +02:00,18224.37,10824.79
02.06.2021 05:00:00 +02:00,18224.90,10966.67
02.06.2021 06:00:00 +02:00,18225.90,11729.99
02.06.2021 07:00:00 +02:00,18226.70,12701.99
02.06.2021 08:00:00 +02:00,18227.10,13062.21
02.06.2021 09:00:00 +02:00,18227.48,13144.89
02.06.2021 10:00:00 +02:00,18226.11,12019.92
02.06.2021 11:00:00 +02:00,18224.53,13074.40
02.06.2021 12:00:00 +02:00,18216.55,13043.42
02.06.2021 13:00:00 +02:00,18213.84,13011.69
02.06.2021 14:00:00 +02:00,18213.77,13054.43
02.06.2021 15:00:00 +02:00,18213.78,12965.51
02.06.2021 16:00:00 +02:00,18213.74,12286.01
02.06.2021 17:00:00 +02:00,18213.92,8757.79
02.06.2021 18:00:00 +02:00,18213.87,11583.39
02.06.2021 19:00:00 +02:00,18213.74,12594.90
02.06.2021 20:00:00 +02:00,18213.73,12609.04
02.06.2021 21:00:00 +02:00,18213.73,12466.70
02.06.2021 22:00:00 +02:00,18213.79,12262.21
02.06.2021 23:00:00 +02:00,18213.77,10561.09
03.06.2021 00:00:00 +02:00,18213.72,11460.26
03.06.2021 01:00:00 +02:00,18213.72,11083.18
03.06.2021 02:00:00 +02:00,18215.30,10848.61
03.06.2021 03:00:00 +02:00,18218.36,10766.28
03.06.2021 04:00:00 +02:00,18217.11,10753.82
03.06.2021 05:00:00 +02:00,18215.03,10848.14
03.06.2021 06:00:00 +02:00,18215.44,10930.29
03.06.2021 07:00:00 +02:00,18215.81,12334.42
03.06.2021 08:00:00 +02:00,18214.72,13038.00
03.06.2021 09:00:00 +02:00,18214.87,12159.89
03.06.2021 10:00:00 +02:00,18216.77,10385.26
03.06.2021 11:00:00 +02:00,18220.00,12303.46
03.06.2021 12:00:00 +02:00,18219.90,12939.07
03.06.2021 13:00:00 +02:00,18220.15,12719.59
03.06.2021 14:00:00 +02:00,18220.19,13010.75
03.06.2021 15:00:00 +02:00,18220.03,12982.98
03.06.2021 16:00:00 +02:00,18218.62,12994.45
03.06.2021 17:00:00 +02:00,18218.58,12730.73
03.06.2021 18:00:00 +02:00,18219.55,12548.73
03.06.2021 19:00:00 +02:00,18217.97,12457.03
03.06.2021 20:00:00 +02:00,18216.73,12318.60
03.06.2021 21:00:00 +02:00,18217.85,9204.83
03.06.2021 22:00:00 +02:00,18216.91,12022.23
03.06.2021 23:00:00 +02:00,18215.10,11206.72
04.06.2021 00:00:00 +02:00,18213.54,11493.85
04.06.2021 01:00:00 +02:00,18213.60,11096.50
04.06.2021 02:00:00 +02:00,18213.73,10896.30
04.06.2021 03:00:00 +02:00,18214.82,10741.44
04.06.2021 04:00:00 +02:00,18216.07,10667.22
04.06.2021 05:00:00 +02:00,18220.50,10850.14
04.06.2021 06:00:00 +02:00,18217.88,10803.56
04.06.2021 07:00:00 +02:00,18218.74,11947.10
04.06.2021 08:00:00 +02:00,18218.62,13102.80
04.06.2021 09:00:00 +02:00,18218.46,12461.69
04.06.2021 10:00:00 +02:00,18220.40,10679.75
04.06.2021 11:00:00 +02:00,18221.51,11316.74
04.06.2021 12:00:00 +02:00,18222.98,13067.16
04.06.2021 13:00:00 +02:00,18225.48,12976.94
04.06.2021 14:00:00 +02:00,18223.76,12905.24
04.06.2021 15:00:00 +02:00,18221.54,12634.79
04.06.2021 16:00:00 +02:00,18220.46,9336.99
04.06.2021 17:00:00 +02:00,18222.51,12629.94
04.06.2021 18:00:00 +02:00,18221.31,12508.73
04.06.2021 19:00:00 +02:00,18222.62,12404.43
04.06.2021 20:00:00 +02:00,18222.43,12272.98
04.06.2021 21:00:00 +02:00,18222.39,12075.73
04.06.2021 22:00:00 +02:00,18222.09,11940.00
04.06.2021 23:00:00 +02:00,18223.93,11753.46
05.06.2021 00:00:00 +02:00,18223.55,11351.73
05.06.2021 01:00:00 +02:00,18221.58,10685.48
05.06.2021 02:00:00 +02:00,18220.77,8157.12
05.06.2021 03:00:00 +02:00,18223.26,10796.04
05.06.2021 04:00:00 +02:00,18218.31,10613.60
05.06.2021 05:00:00 +02:00,18214.69,10291.42
05.06.2021 06:00:00 +02:00,18214.31,10770.08
05.06.2021 07:00:00 +02:00,18214.20,11106.84
05.06.2021 08:00:00 +02:00,18214.33,11577.00
05.06.2021 09:00:00 +02:00,18214.55,11873.48
05.06.2021 10:00:00 +02:00,18215.11,11714.72
05.06.2021 11:00:00 +02:00,18217.09,12360.76
05.06.2021 12:00:00 +02:00,18217.47,12058.88
05.06.2021 13:00:00 +02:00,18218.58,12010.82
05.06.2021 14:00:00 +02:00,18216.22,12125.85
05.06.2021 15:00:00 +02:00,18214.54,12011.63
05.06.2021 16:00:00 +02:00,18214.50,12041.39
05.06.2021 17:00:00 +02:00,18214.47,11712.53
05.06.2021 18:00:00 +02:00,18214.43,6887.26
05.06.2021 19:00:00 +02:00,18214.48,9529.63
05.06.2021 20:00:00 +02:00,18214.51,11038.04
05.06.2021 21:00:00 +02:00,18216.09,11847.71
05.06.2021 22:00:00 +02:00,18218.51,11698.51
05.06.2021 23:00:00 +02:00,18220.23,11572.60
06.06.2021 00:00:00 +02:00,18223.61,9415.49
06.06.2021 01:00:00 +02:00,18225.01,9542.81
06.06.2021 02:00:00 +02:00,18222.38,10802.67
06.06.2021 03:00:00 +02:00,18222.62,10662.07
06.06.2021 04:00:00 +02:00,18224.70,10533.05
06.06.2021 05:00:00 +02:00,18225.44,10434.91
06.06.2021 06:00:00 +02:00,18225.84,10494.03
06.06.2021 07:00:00 +02:00,18227.19,10665.06
06.06.2021 08:00:00 +02:00,18226.89,11023.26
06.06.2021 09:00:00 +02:00,18227.53,11464.70
06.06.2021 10:00:00 +02:00,18227.10,11765.96
06.06.2021 11:00:00 +02:00,18227.23,11877.41
06.06.2021 12:00:00 +02:00,18228.54,11914.34
06.06.2021 13:00:00 +02:00,18228.72,11926.92
06.06.2021 14:00:00 +02:00,18227.59,11920.69
06.06.2021 15:00:00 +02:00,18228.56,11919.79
06.06.2021 16:00:00 +02:00,18227.81,12004.74
06.06.2021 17:00:00 +02:00,18225.99,12042.47
06.06.2021 18:00:00 +02:00,18222.63,9309.93
06.06.2021 19:00:00 +02:00,18225.16,12301.76
06.06.2021 20:00:00 +02:00,18219.13,12372.25
06.06.2021 21:00:00 +02:00,18219.62,12267.65
06.06.2021 22:00:00 +02:00,18222.28,12131.09
06.06.2021 23:00:00 +02:00,18223.97,11928.77
07.06.2021 00:00:00 +02:00,18225.15,11471.73
07.06.2021 01:00:00 +02:00,18225.50,11122.11
07.06.2021 02:00:00 +02:00,18226.11,10937.72
07.06.2021 03:00:00 +02:00,18223.80,10889.95
07.06.2021 04:00:00 +02:00,18217.00,10845.59
07.06.2021 05:00:00 +02:00,18220.43,11014.39
07.06.2021 06:00:00 +02:00,18223.17,11813.34
07.06.2021 07:00:00 +02:00,18223.97,12873.80
07.06.2021 08:00:00 +02:00,18224.56,13351.04
07.06.2021 09:00:00 +02:00,18224.27,5554.79
07.06.2021 10:00:00 +02:00,18224.73,13039.58
07.06.2021 11:00:00 +02:00,18223.66,13009.84
07.06.2021 12:00:00 +02:00,18224.20,12810.24
07.06.2021 13:00:00 +02:00,18222.93,13129.99
07.06.2021 14:00:00 +02:00,18223.47,12946.68
07.06.2021 15:00:00 +02:00,18223.01,11612.11
07.06.2021 16:00:00 +02:00,18220.23,8583.67
07.06.2021 17:00:00 +02:00,18217.93,12677.55
07.06.2021 18:00:00 +02:00,18217.84,12880.72
07.06.2021 19:00:00 +02:00,18215.71,12798.21
07.06.2021 20:00:00 +02:00,18216.94,12696.72
07.06.2021 21:00:00 +02:00,18214.79,12624.89
07.06.2021 22:00:00 +02:00,18215.06,12349.51
07.06.2021 23:00:00 +02:00,18214.31,11972.09
08.06.2021 00:00:00 +02:00,18214.18,11464.51
08.06.2021 01:00:00 +02:00,18214.08,11127.86
08.06.2021 02:00:00 +02:00,18214.08,10932.50
08.06.2021 03:00:00 +02:00,18213.98,10849.85
08.06.2021 04:00:00 +02:00,18213.95,10720.58
08.06.2021 05:00:00 +02:00,18214.07,10860.09
08.06.2021 06:00:00 +02:00,18214.30,11650.94
08.06.2021 07:00:00 +02:00,18214.16,12780.62
08.06.2021 08:00:00 +02:00,18214.29,13258.96
08.06.2021 09:00:00 +02:00,18214.20,13155.62
08.06.2021 10:00:00 +02:00,18214.15,12691.14
08.06.2021 11:00:00 +02:00,18214.48,12643.26
08.06.2021 12:00:00 +02:00,18214.52,12840.87
08.06.2021 13:00:00 +02:00,18214.60,12982.70
08.06.2021 14:00:00 +02:00,18215.42,13014.17
08.06.2021 15:00:00 +02:00,18216.30,13050.18
08.06.2021 16:00:00 +02:00,18218.57,13029.87
08.06.2021 17:00:00 +02:00,18216.57,12897.49
08.06.2021 18:00:00 +02:00,18214.12,12704.61
08.06.2021 19:00:00 +02:00,18213.93,12670.81
08.06.2021 20:00:00 +02:00,18213.80,12700.93
08.06.2021 21:00:00 +02:00,18213.81,12534.75
08.06.2021 22:00:00 +02:00,18213.82,9248.80
08.06.2021 23:00:00 +02:00,18213.78,10931.87
09.06.2021 00:00:00 +02:00,18216.09,10471.80
09.06.2021 01:00:00 +02:00,18214.91,9056.28
09.06.2021 02:00:00 +02:00,18213.95,8681.06
09.06.2021 03:00:00 +02:00,18220.17,5542.30
09.06.2021 04:00:00 +02:00,18205.32,5072.34
09.06.2021 05:00:00 +02:00,18158.98,5610.85
09.06.2021 06:00:00 +02:00,18135.93,10993.36
09.06.2021 07:00:00 +02:00,18135.16,12177.02
09.06.2021 08:00:00 +02:00,18135.16,12621.94
09.06.2021 09:00:00 +02:00,18135.15,12559.87
09.06.2021 10:00:00 +02:00,18135.16,12533.57
09.06.2021 11:00:00 +02:00,17995.76,12383.07
09.06.2021 12:00:00 +02:00,17379.66,12305.09
09.06.2021 13:00:00 +02:00,17198.99,12146.98
09.06.2021 14:00:00 +02:00,17282.90,12003.05
09.06.2021 15:00:00 +02:00,16972.75,10785.88
09.06.2021 16:00:00 +02:00,16684.82,12491.11
09.06.2021 17:00:00 +02:00,16703.34,12304.11
09.06.2021 18:00:00 +02:00,16654.30,11168.04
09.06.2021 19:00:00 +02:00,16511.70,12108.62
09.06.2021 20:00:00 +02:00,16469.26,12125.00
09.06.2021 21:00:00 +02:00,16278.54,10603.45
09.06.2021 22:00:00 +02:00,15875.25,8269.03
09.06.2021 23:00:00 +02:00,14963.54,7799.42
10.06.2021 00:00:00 +02:00,14200.47,9644.35
10.06.2021 01:00:00 +02:00,14144.10,10557.98
10.06.2021 02:00:00 +02:00,13863.89,10333.42
10.06.2021 03:00:00 +02:00,13775.76,10254.05
10.06.2021 04:00:00 +02:00,14000.52,10166.93
10.06.2021 05:00:00 +02:00,13725.41,10253.07
10.06.2021 06:00:00 +02:00,15231.77,11007.56
10.06.2021 07:00:00 +02:00,16822.23,12128.16
10.06.2021 08:00:00 +02:00,17949.14,12675.35
10.06.2021 09:00:00 +02:00,18387.72,12754.84
10.06.2021 10:00:00 +02:00,17600.97,11067.24
10.06.2021 11:00:00 +02:00,17715.27,12272.36
10.06.2021 12:00:00 +02:00,17689.79,11005.16
10.06.2021 13:00:00 +02:00,17919.87,11986.88
10.06.2021 14:00:00 +02:00,17921.48,11008.56
10.06.2021 15:00:00 +02:00,17790.76,11261.34
10.06.2021 16:00:00 +02:00,17783.41,10048.08
10.06.2021 17:00:00 +02:00,17594.50,10763.74
10.06.2021 18:00:00 +02:00,17169.34,10668.10
10.06.2021 19:00:00 +02:00,16940.06,8697.47
10.06.2021 20:00:00 +02:00,16850.97,11562.72
10.06.2021 21:00:00 +02:00,16693.83,12291.85
10.06.2021 22:00:00 +02:00,15819.10,12052.34
10.06.2021 23:00:00 +02:00,14921.95,10965.53
11.06.2021 00:00:00 +02:00,14381.36,9397.08
11.06.2021 01:00:00 +02:00,13868.68,10900.02
11.06.2021 02:00:00 +02:00,13644.72,10649.81
11.06.2021 03:00:00 +02:00,13593.69,10481.61
11.06.2021 04:00:00 +02:00,13459.66,10467.79
11.06.2021 05:00:00 +02:00,14008.14,10444.54
11.06.2021 06:00:00 +02:00,14896.23,10398.27
11.06.2021 07:00:00 +02:00,16407.82,12379.38
11.06.2021 08:00:00 +02:00,17646.04,12805.16
11.06.2021 09:00:00 +02:00,17330.66,12921.92
11.06.2021 10:00:00 +02:00,17036.51,12702.11
11.06.2021 11:00:00 +02:00,17187.55,12950.25
11.06.2021 12:00:00 +02:00,16944.67,12960.89
11.06.2021 13:00:00 +02:00,16535.79,12728.01
11.06.2021 14:00:00 +02:00,16269.93,11038.13
11.06.2021 15:00:00 +02:00,15754.90,12907.82
11.06.2021 16:00:00 +02:00,15566.67,12432.31
11.06.2021 17:00:00 +02:00,15370.46,12317.99
11.06.2021 18:00:00 +02:00,15033.41,12640.94
11.06.2021 19:00:00 +02:00,15119.72,11647.23
11.06.2021 20:00:00 +02:00,14911.08,10855.37
11.06.2021 21:00:00 +02:00,14604.75,11984.74
11.06.2021 22:00:00 +02:00,14324.68,11096.46
11.06.2021 23:00:00 +02:00,13822.15,11421.22
12.06.2021 00:00:00 +02:00,13727.55,10889.17
12.06.2021 01:00:00 +02:00,13566.44,9972.76
12.06.2021 02:00:00 +02:00,13024.77,9786.02
12.06.2021 03:00:00 +02:00,13290.24,10078.49
12.06.2021 04:00:00 +02:00,13080.92,10003.31
12.06.2021 05:00:00 +02:00,13318.34,10298.02
12.06.2021 06:00:00 +02:00,13863.05,10613.97
12.06.2021 07:00:00 +02:00,13536.39,10905.10
12.06.2021 08:00:00 +02:00,13605.03,11415.88
12.06.2021 09:00:00 +02:00,13394.19,11729.51
12.06.2021 10:00:00 +02:00,13047.38,12226.06
12.06.2021 11:00:00 +02:00,12605.63,12268.63
12.06.2021 12:00:00 +02:00,11023.74,12271.75
12.06.2021 13:00:00 +02:00,9897.79,12232.95
12.06.2021 14:00:00 +02:00,9392.26,12144.42
12.06.2021 15:00:00 +02:00,9157.12,12134.70
12.06.2021 16:00:00 +02:00,9395.83,12179.58
12.06.2021 17:00:00 +02:00,9733.09,12290.05
12.06.2021 18:00:00 +02:00,10646.30,12093.59
12.06.2021 19:00:00 +02:00,12167.46,12172.21
12.06.2021 20:00:00 +02:00,12509.44,11876.37
12.06.2021 21:00:00 +02:00,12533.07,11922.06
12.06.2021 22:00:00 +02:00,12591.69,11769.50
12.06.2021 23:00:00 +02:00,11925.30,11574.35
13.06.2021 00:00:00 +02:00,10975.38,11361.94
13.06.2021 01:00:00 +02:00,9979.91,11168.11
13.06.2021 02:00:00 +02:00,9263.15,11017.04
13.06.2021 03:00:00 +02:00,9415.81,10859.73
13.06.2021 04:00:00 +02:00,9179.62,10766.68
13.06.2021 05:00:00 +02:00,8967.08,10711.59
13.06.2021 06:00:00 +02:00,9231.99,10770.80
13.06.2021 07:00:00 +02:00,9481.45,10966.58
13.06.2021 08:00:00 +02:00,9411.52,11308.25
13.06.2021 09:00:00 +02:00,9178.02,11721.41
13.06.2021 10:00:00 +02:00,8806.04,12010.65
13.06.2021 11:00:00 +02:00,8389.21,12176.33
13.06.2021 12:00:00 +02:00,7770.82,12159.35
13.06.2021 13:00:00 +02:00,7563.66,12231.16
13.06.2021 14:00:00 +02:00,7488.18,12263.26
13.06.2021 15:00:00 +02:00,8012.41,12291.66
13.06.2021 16:00:00 +02:00,8819.01,12382.47
13.06.2021 17:00:00 +02:00,10761.37,12368.98
13.06.2021 18:00:00 +02:00,13410.51,12465.88
13.06.2021 19:00:00 +02:00,15295.96,11834.76
13.06.2021 20:00:00 +02:00,16557.42,12438.07
13.06.2021 21:00:00 +02:00,17277.85,12375.64
13.06.2021 22:00:00 +02:00,17190.36,12150.68
13.06.2021 23:00:00 +02:00,16562.89,11900.17
14.06.2021 00:00:00 +02:00,15561.12,11438.44
14.06.2021 01:00:00 +02:00,14936.23,11125.09
14.06.2021 02:00:00 +02:00,14327.71,10947.60
14.06.2021 03:00:00 +02:00,14174.66,10843.69
14.06.2021 04:00:00 +02:00,14172.97,10814.30
14.06.2021 05:00:00 +02:00,14379.14,10999.58
14.06.2021 06:00:00 +02:00,15144.72,11784.60
14.06.2021 07:00:00 +02:00,15617.97,12855.96
14.06.2021 08:00:00 +02:00,15568.50,13353.04
14.06.2021 09:00:00 +02:00,15088.51,13315.35
14.06.2021 10:00:00 +02:00,15559.10,13425.25
14.06.2021 11:00:00 +02:00,15677.79,13455.72
14.06.2021 12:00:00 +02:00,15716.54,13324.49
14.06.2021 13:00:00 +02:00,15395.65,13360.01
14.06.2021 14:00:00 +02:00,15204.22,13652.46
14.06.2021 15:00:00 +02:00,15384.72,12878.41
14.06.2021 16:00:00 +02:00,15401.79,13532.75
14.06.2021 17:00:00 +02:00,15413.39,13399.90
14.06.2021 18:00:00 +02:00,15745.50,13075.79
14.06.2021 19:00:00 +02:00,15508.15,11687.46
14.06.2021 20:00:00 +02:00,15273.80,12928.35
14.06.2021 21:00:00 +02:00,14939.55,12813.62
14.06.2021 22:00:00 +02:00,14228.76,12510.61
14.06.2021 23:00:00 +02:00,13633.21,11813.34
15.06.2021 00:00:00 +02:00,13579.61,10544.87
15.06.2021 01:00:00 +02:00,13429.48,10986.72
15.06.2021 02:00:00 +02:00,13217.87,11158.11
15.06.2021 03:00:00 +02:00,12885.60,10520.19
15.06.2021 04:00:00 +02:00,12792.77,10971.55
15.06.2021 05:00:00 +02:00,13630.98,10277.05
15.06.2021 06:00:00 +02:00,15083.65,11583.08
15.06.2021 07:00:00 +02:00,16091.23,11763.18
15.06.2021 08:00:00 +02:00,16562.86,12248.28
15.06.2021 09:00:00 +02:00,16212.57,12882.71
15.06.2021 10:00:00 +02:00,16155.65,12908.13
15.06.2021 11:00:00 +02:00,16126.89,13297.33
15.06.2021 12:00:00 +02:00,16294.07,13374.77
15.06.2021 13:00:00 +02:00,16016.15,13030.70
15.06.2021 14:00:00 +02:00,15530.08,13338.64
15.06.2021 15:00:00 +02:00,15551.15,13380.26
15.06.2021 16:00:00 +02:00,15674.49,13379.75
15.06.2021 17:00:00 +02:00,16477.02,13168.15
15.06.2021 18:00:00 +02:00,17183.06,12955.95
15.06.2021 19:00:00 +02:00,17182.88,12896.22
15.06.2021 20:00:00 +02:00,17213.47,12941.93
15.06.2021 21:00:00 +02:00,16859.77,12842.52
15.06.2021 22:00:00 +02:00,16505.13,12627.55
15.06.2021 23:00:00 +02:00,16034.60,12343.02
16.06.2021 00:00:00 +02:00,15681.06,11881.35
16.06.2021 01:00:00 +02:00,15308.25,11574.19
16.06.2021 02:00:00 +02:00,15141.05,11205.47
16.06.2021 03:00:00 +02:00,15036.82,11309.66
16.06.2021 04:00:00 +02:00,14939.62,11235.98
16.06.2021 05:00:00 +02:00,14637.10,11349.51
16.06.2021 06:00:00 +02:00,14921.47,12195.42
16.06.2021 07:00:00 +02:00,16462.00,13224.56
16.06.2021 08:00:00 +02:00,17075.60,12612.44
16.06.2021 09:00:00 +02:00,17243.98,13539.99
16.06.2021 10:00:00 +02:00,17146.81,13502.70
16.06.2021 11:00:00 +02:00,17177.46,12980.35
16.06.2021 12:00:00 +02:00,17004.85,12049.17
16.06.2021 13:00:00 +02:00,16774.66,13302.24
16.06.2021 14:00:00 +02:00,16441.89,13081.37
16.06.2021 15:00:00 +02:00,16549.78,12371.47
16.06.2021 16:00:00 +02:00,16474.85,13247.75
16.06.2021 17:00:00 +02:00,16506.92,13029.64
16.06.2021 18:00:00 +02:00,16601.98,12910.34
16.06.2021 19:00:00 +02:00,16707.66,12835.64
16.06.2021 20:00:00 +02:00,17019.93,12750.17
16.06.2021 21:00:00 +02:00,16652.08,11826.93
16.06.2021 22:00:00 +02:00,15912.41,12038.79
16.06.2021 23:00:00 +02:00,14626.16,10482.62
17.06.2021 00:00:00 +02:00,14350.85,8142.40
17.06.2021 01:00:00 +02:00,14145.85,11251.98
17.06.2021 02:00:00 +02:00,13989.41,11061.14
17.06.2021 03:00:00 +02:00,13932.91,10962.63
17.06.2021 04:00:00 +02:00,13790.92,10895.23
17.06.2021 05:00:00 +02:00,14175.18,11069.89
17.06.2021 06:00:00 +02:00,15275.51,9422.70
17.06.2021 07:00:00 +02:00,16930.74,8125.56
17.06.2021 08:00:00 +02:00,17918.30,12574.18
17.06.2021 09:00:00 +02:00,17939.62,11711.90
17.06.2021 10:00:00 +02:00,17722.18,12362.16
17.06.2021 11:00:00 +02:00,17563.38,12134.10
17.06.2021 12:00:00 +02:00,16996.10,7913.49
17.06.2021 13:00:00 +02:00,16488.04,11606.30
17.06.2021 14:00:00 +02:00,16492.50,9226.05
17.06.2021 15:00:00 +02:00,16529.41,13188.16
17.06.2021 16:00:00 +02:00,16196.56,13188.78
17.06.2021 17:00:00 +02:00,16438.86,12409.15
17.06.2021 18:00:00 +02:00,16509.60,11641.26
17.06.2021 19:00:00 +02:00,16641.58,10476.16
17.06.2021 20:00:00 +02:00,16679.03,12142.65
17.06.2021 21:00:00 +02:00,16354.00,12630.36
17.06.2021 22:00:00 +02:00,15614.91,12300.12
17.06.2021 23:00:00 +02:00,15159.29,11882.20
18.06.2021 00:00:00 +02:00,14818.38,10828.39
18.06.2021 01:00:00 +02:00,13855.12,7855.94
18.06.2021 02:00:00 +02:00,13876.25,9915.42
18.06.2021 03:00:00 +02:00,13929.08,8742.12
18.06.2021 04:00:00 +02:00,13919.53,5497.02
18.06.2021 05:00:00 +02:00,13783.21,8490.00
18.06.2021 06:00:00 +02:00,14794.79,11568.75
18.06.2021 07:00:00 +02:00,16306.40,12644.53
18.06.2021 08:00:00 +02:00,17849.74,9008.85
18.06.2021 09:00:00 +02:00,18257.87,11529.69
18.06.2021 10:00:00 +02:00,18048.93,12552.49
18.06.2021 11:00:00 +02:00,17664.02,11217.35
18.06.2021 12:00:00 +02:00,17546.27,13208.44
18.06.2021 13:00:00 +02:00,16887.09,11646.06
18.06.2021 14:00:00 +02:00,16296.85,9118.90
18.06.2021 15:00:00 +02:00,15669.43,12922.87
18.06.2021 16:00:00 +02:00,15433.73,11141.00
18.06.2021 17:00:00 +02:00,15780.60,11890.45
18.06.2021 18:00:00 +02:00,15322.25,12622.79
18.06.2021 19:00:00 +02:00,15450.28,12466.40
18.06.2021 20:00:00 +02:00,15346.92,11706.26
18.06.2021 21:00:00 +02:00,14906.84,10906.22
18.06.2021 22:00:00 +02:00,14441.44,10862.04
18.06.2021 23:00:00 +02:00,14492.85,11708.51
19.06.2021 00:00:00 +02:00,14066.95,11437.12
19.06.2021 01:00:00 +02:00,13507.32,11080.88
19.06.2021 02:00:00 +02:00,13508.44,10869.58
19.06.2021 03:00:00 +02:00,13556.32,10395.96
19.06.2021 04:00:00 +02:00,13642.66,10607.23
19.06.2021 05:00:00 +02:00,13522.10,10554.82
19.06.2021 06:00:00 +02:00,13419.61,10690.54
19.06.2021 07:00:00 +02:00,13756.97,10993.70
19.06.2021 08:00:00 +02:00,14868.92,11491.79
19.06.2021 09:00:00 +02:00,15430.49,12059.89
19.06.2021 10:00:00 +02:00,15875.68,12431.93
19.06.2021 11:00:00 +02:00,15639.89,12478.09
19.06.2021 12:00:00 +02:00,15257.84,12454.31
19.06.2021 13:00:00 +02:00,15009.68,12454.48
19.06.2021 14:00:00 +02:00,14951.68,12301.76
19.06.2021 15:00:00 +02:00,15597.62,12212.96
19.06.2021 16:00:00 +02:00,16069.33,12266.81
19.06.2021 17:00:00 +02:00,16292.71,12337.61
19.06.2021 18:00:00 +02:00,16383.21,12323.26
19.06.2021 19:00:00 +02:00,16269.90,12216.43
19.06.2021 20:00:00 +02:00,16170.08,11831.23
19.06.2021 21:00:00 +02:00,15804.08,11438.61
19.06.2021 22:00:00 +02:00,15708.12,11656.36
19.06.2021 23:00:00 +02:00,15372.38,11519.94
20.06.2021 00:00:00 +02:00,15538.67,11250.82
20.06.2021 01:00:00 +02:00,15646.69,10975.96
20.06.2021 02:00:00 +02:00,15199.39,10806.10
20.06.2021 03:00:00 +02:00,14849.43,10498.10
20.06.2021 04:00:00 +02:00,13114.93,10546.27
20.06.2021 05:00:00 +02:00,12181.93,10274.47
20.06.2021 06:00:00 +02:00,11661.71,10556.64
20.06.2021 07:00:00 +02:00,12368.00,10537.44
20.06.2021 08:00:00 +02:00,13350.70,9423.27
20.06.2021 09:00:00 +02:00,13527.21,9790.38
20.06.2021 10:00:00 +02:00,13102.70,11780.71
20.06.2021 11:00:00 +02:00,13060.10,11923.83
20.06.2021 12:00:00 +02:00,12958.84,11967.10
20.06.2021 13:00:00 +02:00,11536.97,11833.91
20.06.2021 14:00:00 +02:00,10937.00,11842.50
20.06.2021 15:00:00 +02:00,11633.48,11856.19
20.06.2021 16:00:00 +02:00,12692.68,12142.99
20.06.2021 17:00:00 +02:00,13888.99,12233.46
20.06.2021 18:00:00 +02:00,15023.28,10840.91
20.06.2021 19:00:00 +02:00,15346.76,12007.90
20.06.2021 20:00:00 +02:00,15686.17,12220.22
20.06.2021 21:00:00 +02:00,15747.02,12082.51
20.06.2021 22:00:00 +02:00,15836.50,11868.24
20.06.2021 23:00:00 +02:00,15221.13,11657.46
21.06.2021 00:00:00 +02:00,14284.11,11233.25
21.06.2021 01:00:00 +02:00,13821.30,10981.91
21.06.2021 02:00:00 +02:00,13837.09,10856.18
21.06.2021 03:00:00 +02:00,13928.26,10771.75
21.06.2021 04:00:00 +02:00,13810.20,10702.85
21.06.2021 05:00:00 +02:00,14028.31,10899.30
21.06.2021 06:00:00 +02:00,15145.34,11592.63
21.06.2021 07:00:00 +02:00,16174.21,12644.34
21.06.2021 08:00:00 +02:00,16791.81,13181.49
21.06.2021 09:00:00 +02:00,16800.08,13201.51
21.06.2021 10:00:00 +02:00,16851.12,13312.61
21.06.2021 11:00:00 +02:00,16822.82,13315.98
21.06.2021 12:00:00 +02:00,16927.61,12226.10
21.06.2021 13:00:00 +02:00,17350.56,13311.80
21.06.2021 14:00:00 +02:00,17962.67,13315.53
21.06.2021 15:00:00 +02:00,18003.24,13298.86
21.06.2021 16:00:00 +02:00,17923.54,13324.42
21.06.2021 17:00:00 +02:00,18232.58,13251.12
21.06.2021 18:00:00 +02:00,17416.61,13070.18
21.06.2021 19:00:00 +02:00,16684.53,12969.69
21.06.2021 20:00:00 +02:00,16669.54,12879.41
21.06.2021 21:00:00 +02:00,16216.96,12366.88
21.06.2021 22:00:00 +02:00,15875.68,11101.49
21.06.2021 23:00:00 +02:00,15413.05,10377.88
22.06.2021 00:00:00 +02:00,15464.58,11622.38
22.06.2021 01:00:00 +02:00,14531.64,11299.24
22.06.2021 02:00:00 +02:00,14282.18,11095.85
22.06.2021 03:00:00 +02:00,14243.54,10984.98
22.06.2021 04:00:00 +02:00,14105.04,10895.22
22.06.2021 05:00:00 +02:00,14189.35,10695.53
22.06.2021 06:00:00 +02:00,14955.68,11829.47
22.06.2021 07:00:00 +02:00,15909.76,10598.75
22.06.2021 08:00:00 +02:00,16519.68,11035.37
22.06.2021 09:00:00 +02:00,16464.16,12206.35
22.06.2021 10:00:00 +02:00,16737.20,7137.28
22.06.2021 11:00:00 +02:00,16365.25,11330.13
22.06.2021 12:00:00 +02:00,16701.14,12640.38
22.06.2021 13:00:00 +02:00,16634.28,12375.04
22.06.2021 14:00:00 +02:00,17103.22,13236.99
22.06.2021 15:00:00 +02:00,17006.23,12288.40
22.06.2021 16:00:00 +02:00,16764.96,13128.17
22.06.2021 17:00:00 +02:00,16940.84,13023.17
22.06.2021 18:00:00 +02:00,16507.43,12865.13
22.06.2021 19:00:00 +02:00,15997.18,12781.92
22.06.2021 20:00:00 +02:00,16153.81,12715.19
22.06.2021 21:00:00 +02:00,16066.29,12608.99
22.06.2021 22:00:00 +02:00,15823.24,12383.59
22.06.2021 23:00:00 +02:00,15609.86,12113.60
23.06.2021 00:00:00 +02:00,14983.21,10631.61
23.06.2021 01:00:00 +02:00,14621.15,9547.83
23.06.2021 02:00:00 +02:00,14411.32,9258.94
23.06.2021 03:00:00 +02:00,14272.22,11026.79
23.06.2021 04:00:00 +02:00,14188.80,10870.02
23.06.2021 05:00:00 +02:00,14280.16,10986.50
23.06.2021 06:00:00 +02:00,14883.16,10679.02
23.06.2021 07:00:00 +02:00,15791.83,11884.83
23.06.2021 08:00:00 +02:00,16750.06,12863.68
23.06.2021 09:00:00 +02:00,16900.28,8569.13
23.06.2021 10:00:00 +02:00,17141.96,8576.49
23.06.2021 11:00:00 +02:00,17327.37,12850.55
23.06.2021 12:00:00 +02:00,17212.13,12992.04
23.06.2021 13:00:00 +02:00,16846.99,12863.64
23.06.2021 14:00:00 +02:00,17285.58,12916.56
23.06.2021 15:00:00 +02:00,17290.36,12885.33
23.06.2021 16:00:00 +02:00,17224.37,12869.76
23.06.2021 17:00:00 +02:00,17181.89,12710.21
23.06.2021 18:00:00 +02:00,16972.66,12507.90
23.06.2021 19:00:00 +02:00,16326.31,12123.21
23.06.2021 20:00:00 +02:00,16067.08,12045.30
23.06.2021 21:00:00 +02:00,15811.16,12195.83
23.06.2021 22:00:00 +02:00,15656.54,12088.18
23.06.2021 23:00:00 +02:00,15401.53,11828.84
24.06.2021 00:00:00 +02:00,15183.85,11217.35
24.06.2021 01:00:00 +02:00,15138.17,11025.82
24.06.2021 02:00:00 +02:00,14997.10,10857.40
24.06.2021 03:00:00 +02:00,14854.17,10733.39
24.06.2021 04:00:00 +02:00,14782.15,9403.42
24.06.2021 05:00:00 +02:00,14865.84,10788.82
24.06.2021 06:00:00 +02:00,15769.07,11512.97
24.06.2021 07:00:00 +02:00,17389.56,12442.76
24.06.2021 08:00:00 +02:00,18546.37,12933.34
24.06.2021 09:00:00 +02:00,18562.09,13075.90
24.06.2021 10:00:00 +02:00,17898.16,12687.27
24.06.2021 11:00:00 +02:00,17965.35,11831.74
24.06.2021 12:00:00 +02:00,18075.38,13070.91
24.06.2021 13:00:00 +02:00,17763.51,12344.35
24.06.2021 14:00:00 +02:00,17677.82,12976.72
24.06.2021 15:00:00 +02:00,17510.51,12954.77
24.06.2021 16:00:00 +02:00,17415.49,10348.70
24.06.2021 17:00:00 +02:00,16905.44,12629.08
24.06.2021 18:00:00 +02:00,16484.22,12755.61
24.06.2021 19:00:00 +02:00,16669.71,11658.97
24.06.2021 20:00:00 +02:00,16533.28,9466.85
24.06.2021 21:00:00 +02:00,16588.98,9758.94
24.06.2021 22:00:00 +02:00,16514.33,12285.25
24.06.2021 23:00:00 +02:00,16111.91,11778.32
25.06.2021 00:00:00 +02:00,15433.38,8167.23
25.06.2021 01:00:00 +02:00,14907.28,10160.76
25.06.2021 02:00:00 +02:00,14705.63,10370.03
25.06.2021 03:00:00 +02:00,14540.15,10436.38
25.06.2021 04:00:00 +02:00,14525.66,10715.14
25.06.2021 05:00:00 +02:00,14798.72,10659.07
25.06.2021 06:00:00 +02:00,15446.98,10150.64
25.06.2021 07:00:00 +02:00,16481.52,12055.47
25.06.2021 08:00:00 +02:00,17034.30,12894.56
25.06.2021 09:00:00 +02:00,17174.63,13054.08
25.06.2021 10:00:00 +02:00,17143.84,13166.79
25.06.2021 11:00:00 +02:00,17119.77,13153.20
25.06.2021 12:00:00 +02:00,16987.80,12802.25
25.06.2021 13:00:00 +02:00,16937.09,13020.85
25.06.2021 14:00:00 +02:00,17003.12,10980.82
25.06.2021 15:00:00 +02:00,16959.03,10685.82
25.06.2021 16:00:00 +02:00,16807.44,12794.28
25.06.2021 17:00:00 +02:00,16778.83,12454.70
25.06.2021 18:00:00 +02:00,16472.44,12325.21
25.06.2021 19:00:00 +02:00,16408.00,11950.91
25.06.2021 20:00:00 +02:00,15930.22,11018.38
25.06.2021 21:00:00 +02:00,15718.85,12038.64
25.06.2021 22:00:00 +02:00,15691.30,11896.39
25.06.2021 23:00:00 +02:00,15398.91,11759.40
26.06.2021 00:00:00 +02:00,14861.58,11198.52
26.06.2021 01:00:00 +02:00,14603.45,8492.52
26.06.2021 02:00:00 +02:00,14237.67,8702.60
26.06.2021 03:00:00 +02:00,14058.17,8246.92
26.06.2021 04:00:00 +02:00,13998.88,9199.14
26.06.2021 05:00:00 +02:00,14167.74,7719.17
26.06.2021 06:00:00 +02:00,14446.23,5349.45
26.06.2021 07:00:00 +02:00,14768.16,9739.91
26.06.2021 08:00:00 +02:00,15279.98,11401.58
26.06.2021 09:00:00 +02:00,15751.03,11681.65
26.06.2021 10:00:00 +02:00,16029.68,12192.22
26.06.2021 11:00:00 +02:00,16187.98,12018.83
26.06.2021 12:00:00 +02:00,16107.66,11148.93
26.06.2021 13:00:00 +02:00,16090.16,11924.31
26.06.2021 14:00:00 +02:00,15987.26,12031.92
26.06.2021 15:00:00 +02:00,15940.21,10943.46
26.06.2021 16:00:00 +02:00,16011.30,10148.73
26.06.2021 17:00:00 +02:00,16104.91,12074.88
26.06.2021 18:00:00 +02:00,16045.83,12080.60
26.06.2021 19:00:00 +02:00,15942.84,8825.26
26.06.2021 20:00:00 +02:00,15890.93,7700.27
26.06.2021 21:00:00 +02:00,15700.18,8763.10
26.06.2021 22:00:00 +02:00,15353.90,7283.90
26.06.2021 23:00:00 +02:00,15128.27,11406.88
27.06.2021 00:00:00 +02:00,14845.49,10236.29
27.06.2021 01:00:00 +02:00,14711.02,10905.54
27.06.2021 02:00:00 +02:00,14393.49,10672.86
27.06.2021 03:00:00 +02:00,14049.35,10496.13
27.06.2021 04:00:00 +02:00,14048.91,10358.13
27.06.2021 05:00:00 +02:00,13973.61,9969.93
27.06.2021 06:00:00 +02:00,13749.40,10384.97
27.06.2021 07:00:00 +02:00,13538.00,10566.01
27.06.2021 08:00:00 +02:00,14224.73,10557.01
27.06.2021 09:00:00 +02:00,13767.38,11150.24
27.06.2021 10:00:00 +02:00,12239.07,11593.28
27.06.2021 11:00:00 +02:00,12266.49,11755.98
27.06.2021 12:00:00 +02:00,11939.46,11787.73
27.06.2021 13:00:00 +02:00,10649.72,11792.94
27.06.2021 14:00:00 +02:00,10364.31,11388.92
27.06.2021 15:00:00 +02:00,11043.21,11755.10
27.06.2021 16:00:00 +02:00,12281.44,11793.42
27.06.2021 17:00:00 +02:00,13741.94,11845.34
27.06.2021 18:00:00 +02:00,15302.82,11367.87
27.06.2021 19:00:00 +02:00,16263.16,12097.86
27.06.2021 20:00:00 +02:00,16199.42,12123.23
27.06.2021 21:00:00 +02:00,16220.74,12066.05
27.06.2021 22:00:00 +02:00,15903.72,11894.91
27.06.2021 23:00:00 +02:00,15547.04,10747.04
28.06.2021 00:00:00 +02:00,15308.78,9578.23
28.06.2021 01:00:00 +02:00,14811.32,10780.48
28.06.2021 02:00:00 +02:00,14450.49,10782.17
28.06.2021 03:00:00 +02:00,14358.73,10751.55
28.06.2021 04:00:00 +02:00,14276.52,10637.45
28.06.2021 05:00:00 +02:00,14752.92,10869.50
28.06.2021 06:00:00 +02:00,15902.60,11579.08
28.06.2021 07:00:00 +02:00,17328.94,12516.19
28.06.2021 08:00:00 +02:00,17986.22,13086.35
28.06.2021 09:00:00 +02:00,18188.59,13255.35
28.06.2021 10:00:00 +02:00,18168.87,13349.90
28.06.2021 11:00:00 +02:00,18022.56,13288.02
28.06.2021 12:00:00 +02:00,17984.99,13264.52
28.06.2021 13:00:00 +02:00,18029.19,13117.35
28.06.2021 14:00:00 +02:00,18081.65,13053.92
28.06.2021 15:00:00 +02:00,17952.56,13042.44
28.06.2021 16:00:00 +02:00,17303.68,12899.04
28.06.2021 17:00:00 +02:00,17212.78,12961.97
28.06.2021 18:00:00 +02:00,17240.71,12800.96
28.06.2021 19:00:00 +02:00,17078.86,12750.99
28.06.2021 20:00:00 +02:00,16501.82,12627.98
28.06.2021 21:00:00 +02:00,16161.72,12568.57
28.06.2021 22:00:00 +02:00,15844.49,12348.71
28.06.2021 23:00:00 +02:00,15175.71,12062.15
29.06.2021 00:00:00 +02:00,14687.60,11583.21
29.06.2021 01:00:00 +02:00,14211.87,10860.75
29.06.2021 02:00:00 +02:00,13999.71,11065.60
29.06.2021 03:00:00 +02:00,13905.24,10944.95
29.06.2021 04:00:00 +02:00,13926.55,10917.92
29.06.2021 05:00:00 +02:00,14089.54,10867.65
29.06.2021 06:00:00 +02:00,14411.15,9993.17
29.06.2021 07:00:00 +02:00,15784.08,12639.18
29.06.2021 08:00:00 +02:00,16698.69,13166.01
29.06.2021 09:00:00 +02:00,17189.03,13309.71
29.06.2021 10:00:00 +02:00,17144.57,12852.09
29.06.2021 11:00:00 +02:00,16655.66,12841.99
29.06.2021 12:00:00 +02:00,16949.30,13282.70
29.06.2021 13:00:00 +02:00,16739.26,13279.47
29.06.2021 14:00:00 +02:00,16706.27,13283.21
29.06.2021 15:00:00 +02:00,17161.87,12995.53
29.06.2021 16:00:00 +02:00,17462.39,13198.63
29.06.2021 17:00:00 +02:00,17287.14,13070.01
29.06.2021 18:00:00 +02:00,16726.38,12912.57
29.06.2021 19:00:00 +02:00,16287.96,12776.11
29.06.2021 20:00:00 +02:00,15887.09,12703.91
29.06.2021 21:00:00 +02:00,15354.75,12552.43
29.06.2021 22:00:00 +02:00,14842.08,12357.36
29.06.2021 23:00:00 +02:00,13928.61,12092.85
30.06.2021 00:00:00 +02:00,13494.21,11707.44
30.06.2021 01:00:00 +02:00,13116.91,11323.46
30.06.2021 02:00:00 +02:00,12814.22,11116.07
30.06.2021 03:00:00 +02:00,12327.25,10993.78
30.06.2021 04:00:00 +02:00,12111.77,10853.56
30.06.2021 05:00:00 +02:00,12782.88,10971.56
30.06.2021 06:00:00 +02:00,13903.54,11596.05
30.06.2021 07:00:00 +02:00,15144.08,12478.98
30.06.2021 08:00:00 +02:00,16114.63,12946.51
30.06.2021 09:00:00 +02:00,16577.81,13099.27
30.06.2021 10:00:00 +02:00,16392.56,13130.15
30.06.2021 11:00:00 +02:00,16493.35,13171.53
30.06.2021 12:00:00 +02:00,16787.48,13169.72
30.06.2021 13:00:00 +02:00,17181.79,12660.72
30.06.2021 14:00:00 +02:00,17330.57,12874.07
30.06.2021 15:00:00 +02:00,16918.33,12766.18
30.06.2021 16:00:00 +02:00,16449.35,12849.88
30.06.2021 17:00:00 +02:00,17064.50,12766.00
30.06.2021 18:00:00 +02:00,16522.64,12623.44
30.06.2021 19:00:00 +02:00,15967.34,12514.19
30.06.2021 20:00:00 +02:00,15517.99,12482.01
30.06.2021 21:00:00 +02:00,15144.68,12389.67
30.06.2021 22:00:00 +02:00,14848.14,12240.34
30.06.2021 23:00:00 +02:00,14335.86,10380.71
01.07.2021 00:00:00 +02:00,13719.55,8907.09
01.07.2021 01:00:00 +02:00,13752.24,8617.71
01.07.2021 02:00:00 +02:00,13818.49,5523.96
01.07.2021 03:00:00 +02:00,13573.52,6933.04
01.07.2021 04:00:00 +02:00,13656.16,8298.82
01.07.2021 05:00:00 +02:00,13993.95,10993.09
01.07.2021 06:00:00 +02:00,14596.91,11608.52
01.07.2021 07:00:00 +02:00,15248.76,12453.48
01.07.2021 08:00:00 +02:00,15664.50,12898.36
01.07.2021 09:00:00 +02:00,15977.78,13082.35
01.07.2021 10:00:00 +02:00,16659.03,12750.06
01.07.2021 11:00:00 +02:00,16822.81,13098.41
01.07.2021 12:00:00 +02:00,16555.86,12854.21
01.07.2021 13:00:00 +02:00,16620.89,13046.10
01.07.2021 14:00:00 +02:00,16773.87,12593.31
01.07.2021 15:00:00 +02:00,16830.35,12939.43
01.07.2021 16:00:00 +02:00,16698.48,12982.47
01.07.2021 17:00:00 +02:00,16499.73,12868.39
01.07.2021 18:00:00 +02:00,16471.34,12743.07
01.07.2021 19:00:00 +02:00,16512.03,12641.12
01.07.2021 20:00:00 +02:00,16454.30,12471.95
01.07.2021 21:00:00 +02:00,16395.24,12395.94
01.07.2021 22:00:00 +02:00,15637.35,12159.05
01.07.2021 23:00:00 +02:00,15048.14,11909.69
02.07.2021 00:00:00 +02:00,14555.81,11408.12
02.07.2021 01:00:00 +02:00,14436.23,11077.11
02.07.2021 02:00:00 +02:00,14218.97,10859.58
02.07.2021 03:00:00 +02:00,13993.44,10770.45
02.07.2021 04:00:00 +02:00,13749.74,10697.16
02.07.2021 05:00:00 +02:00,13932.78,10804.55
02.07.2021 06:00:00 +02:00,14632.48,11433.36
02.07.2021 07:00:00 +02:00,15759.04,12318.44
02.07.2021 08:00:00 +02:00,16929.15,12869.72
02.07.2021 09:00:00 +02:00,17297.19,13008.83
02.07.2021 10:00:00 +02:00,18076.19,13163.42
02.07.2021 11:00:00 +02:00,18412.43,13125.36
02.07.2021 12:00:00 +02:00,17985.55,13147.49
02.07.2021 13:00:00 +02:00,17656.40,13077.97
02.07.2021 14:00:00 +02:00,17440.88,12978.76
02.07.2021 15:00:00 +02:00,17187.10,12924.26
02.07.2021 16:00:00 +02:00,16321.38,12765.80
02.07.2021 17:00:00 +02:00,16420.90,12590.86
02.07.2021 18:00:00 +02:00,16371.01,12507.55
02.07.2021 19:00:00 +02:00,16164.74,12387.76
02.07.2021 20:00:00 +02:00,15960.13,12194.00
02.07.2021 21:00:00 +02:00,15435.46,11924.52
02.07.2021 22:00:00 +02:00,15079.61,11764.02
02.07.2021 23:00:00 +02:00,14763.74,11643.85
03.07.2021 00:00:00 +02:00,14838.27,11373.71
03.07.2021 01:00:00 +02:00,14663.35,10999.14
03.07.2021 02:00:00 +02:00,14521.87,10768.47
03.07.2021 03:00:00 +02:00,14375.45,10651.85
03.07.2021 04:00:00 +02:00,14290.61,10439.83
03.07.2021 05:00:00 +02:00,14347.76,10445.71
03.07.2021 06:00:00 +02:00,14396.32,10590.57
03.07.2021 07:00:00 +02:00,14781.90,10849.73
03.07.2021 08:00:00 +02:00,15112.49,11290.18
03.07.2021 09:00:00 +02:00,15662.87,11856.00
03.07.2021 10:00:00 +02:00,16057.45,12145.93
03.07.2021 11:00:00 +02:00,16032.45,12158.35
03.07.2021 12:00:00 +02:00,15963.85,12135.08
03.07.2021 13:00:00 +02:00,15878.37,12068.34
03.07.2021 14:00:00 +02:00,15822.14,11979.06
03.07.2021 15:00:00 +02:00,15676.47,11897.61
03.07.2021 16:00:00 +02:00,15674.57,11902.34
03.07.2021 17:00:00 +02:00,15788.61,12009.63
03.07.2021 18:00:00 +02:00,15737.64,11983.48
03.07.2021 19:00:00 +02:00,15683.18,11875.33
03.07.2021 20:00:00 +02:00,15390.46,11742.93
03.07.2021 21:00:00 +02:00,15232.96,11590.23
03.07.2021 22:00:00 +02:00,15090.17,11430.88
03.07.2021 23:00:00 +02:00,14731.64,11296.90
04.07.2021 00:00:00 +02:00,14611.05,11025.18
04.07.2021 01:00:00 +02:00,14567.16,10766.72
04.07.2021 02:00:00 +02:00,14372.97,10588.88
04.07.2021 03:00:00 +02:00,14295.76,10438.29
04.07.2021 04:00:00 +02:00,14259.18,10278.16
04.07.2021 05:00:00 +02:00,14245.38,10209.91
04.07.2021 06:00:00 +02:00,14247.89,10296.04
04.07.2021 07:00:00 +02:00,14565.53,10471.05
04.07.2021 08:00:00 +02:00,14846.04,10854.19
04.07.2021 09:00:00 +02:00,15541.76,11223.84
04.07.2021 10:00:00 +02:00,16138.10,11476.10
04.07.2021 11:00:00 +02:00,16450.77,11601.79
04.07.2021 12:00:00 +02:00,16535.78,11619.29
04.07.2021 13:00:00 +02:00,16237.70,11673.55
04.07.2021 14:00:00 +02:00,15957.04,11717.18
04.07.2021 15:00:00 +02:00,15719.03,11725.69
04.07.2021 16:00:00 +02:00,15886.86,11716.46
04.07.2021 17:00:00 +02:00,16170.36,11743.00
04.07.2021 18:00:00 +02:00,16374.32,11871.80
04.07.2021 19:00:00 +02:00,16392.71,11147.88
04.07.2021 20:00:00 +02:00,16469.70,11914.37
04.07.2021 21:00:00 +02:00,16240.65,11795.87
04.07.2021 22:00:00 +02:00,15582.77,11630.54
04.07.2021 23:00:00 +02:00,15054.91,11507.34
05.07.2021 00:00:00 +02:00,14471.72,10709.94
05.07.2021 01:00:00 +02:00,14097.62,10718.11
05.07.2021 02:00:00 +02:00,14021.02,10577.22
05.07.2021 03:00:00 +02:00,13746.89,10318.36
05.07.2021 04:00:00 +02:00,13662.92,10391.15
05.07.2021 05:00:00 +02:00,13758.59,10488.12
05.07.2021 06:00:00 +02:00,14586.56,10954.22
05.07.2021 07:00:00 +02:00,16402.55,11343.20
05.07.2021 08:00:00 +02:00,17568.69,10835.83
05.07.2021 09:00:00 +02:00,17673.15,9968.95
05.07.2021 10:00:00 +02:00,17799.22,12830.69
05.07.2021 11:00:00 +02:00,17723.99,12856.55
05.07.2021 12:00:00 +02:00,17884.30,12824.79
05.07.2021 13:00:00 +02:00,18019.54,12564.40
05.07.2021 14:00:00 +02:00,18027.25,12184.97
05.07.2021 15:00:00 +02:00,17917.35,12803.03
05.07.2021 16:00:00 +02:00,18035.28,11903.48
05.07.2021 17:00:00 +02:00,17740.68,12665.09
05.07.2021 18:00:00 +02:00,17769.36,12573.13
05.07.2021 19:00:00 +02:00,17583.16,12475.94
05.07.2021 20:00:00 +02:00,17591.75,12356.49
05.07.2021 21:00:00 +02:00,17282.61,12158.85
05.07.2021 22:00:00 +02:00,16685.67,11968.43
05.07.2021 23:00:00 +02:00,16016.55,11641.23
06.07.2021 00:00:00 +02:00,15520.36,11177.02
06.07.2021 01:00:00 +02:00,15301.79,10828.21
06.07.2021 02:00:00 +02:00,15097.40,10630.47
06.07.2021 03:00:00 +02:00,14815.54,10470.88
06.07.2021 04:00:00 +02:00,14493.35,10412.38
06.07.2021 05:00:00 +02:00,14582.53,10492.83
06.07.2021 06:00:00 +02:00,15946.63,11096.90
06.07.2021 07:00:00 +02:00,16866.13,11919.11
06.07.2021 08:00:00 +02:00,17531.65,12401.05
06.07.2021 09:00:00 +02:00,17955.57,12655.08
06.07.2021 10:00:00 +02:00,17835.09,12398.51
06.07.2021 11:00:00 +02:00,17615.72,12905.01
06.07.2021 12:00:00 +02:00,16659.51,12926.61
06.07.2021 13:00:00 +02:00,16026.81,12815.53
06.07.2021 14:00:00 +02:00,15800.32,12937.37
06.07.2021 15:00:00 +02:00,16181.83,12800.07
06.07.2021 16:00:00 +02:00,16885.26,12730.46
06.07.2021 17:00:00 +02:00,17483.02,12558.11
06.07.2021 18:00:00 +02:00,17513.82,12454.36
06.07.2021 19:00:00 +02:00,17497.43,12441.91
06.07.2021 20:00:00 +02:00,16944.88,12418.25
06.07.2021 21:00:00 +02:00,16260.62,12241.11
06.07.2021 22:00:00 +02:00,15345.26,11979.39
06.07.2021 23:00:00 +02:00,14621.74,11692.14
07.07.2021 00:00:00 +02:00,13861.22,11254.81
07.07.2021 01:00:00 +02:00,13277.11,10877.28
07.07.2021 02:00:00 +02:00,13105.48,10717.31
07.07.2021 03:00:00 +02:00,13083.97,10609.72
07.07.2021 04:00:00 +02:00,13058.03,10557.43
07.07.2021 05:00:00 +02:00,13386.60,10607.19
07.07.2021 06:00:00 +02:00,14827.64,11170.84
07.07.2021 07:00:00 +02:00,16174.57,11914.89
07.07.2021 08:00:00 +02:00,16717.98,12316.99
07.07.2021 09:00:00 +02:00,16814.20,12490.51
07.07.2021 10:00:00 +02:00,16954.95,12717.94
07.07.2021 11:00:00 +02:00,16827.07,12796.05
07.07.2021 12:00:00 +02:00,16871.17,12722.49
07.07.2021 13:00:00 +02:00,16712.73,12681.26
07.07.2021 14:00:00 +02:00,16788.80,12755.22
07.07.2021 15:00:00 +02:00,17123.78,12766.76
07.07.2021 16:00:00 +02:00,17088.62,12766.01
07.07.2021 17:00:00 +02:00,17540.30,12683.00
07.07.2021 18:00:00 +02:00,17538.91,12554.15
07.07.2021 19:00:00 +02:00,17649.52,12440.73
07.07.2021 20:00:00 +02:00,17488.46,12344.61
07.07.2021 21:00:00 +02:00,17025.25,12151.52
07.07.2021 22:00:00 +02:00,16276.23,11949.31
07.07.2021 23:00:00 +02:00,15578.65,11722.38
08.07.2021 00:00:00 +02:00,14768.42,11424.20
08.07.2021 01:00:00 +02:00,14321.20,11043.68
08.07.2021 02:00:00 +02:00,14137.02,10793.96
08.07.2021 03:00:00 +02:00,13973.69,10681.86
08.07.2021 04:00:00 +02:00,13714.36,10564.31
08.07.2021 05:00:00 +02:00,14073.57,10619.20
08.07.2021 06:00:00 +02:00,15488.99,11209.10
08.07.2021 07:00:00 +02:00,16543.02,11985.81
08.07.2021 08:00:00 +02:00,17219.88,12479.95
08.07.2021 09:00:00 +02:00,16985.77,12698.64
08.07.2021 10:00:00 +02:00,16716.90,12012.24
08.07.2021 11:00:00 +02:00,17395.24,12681.81
08.07.2021 12:00:00 +02:00,17250.52,12929.17
08.07.2021 13:00:00 +02:00,17330.41,12897.60
08.07.2021 14:00:00 +02:00,17601.84,12998.95
08.07.2021 15:00:00 +02:00,17398.11,12980.31
08.07.2021 16:00:00 +02:00,17215.90,12931.87
08.07.2021 17:00:00 +02:00,17218.66,12618.86
08.07.2021 18:00:00 +02:00,17423.14,12563.12
08.07.2021 19:00:00 +02:00,17316.90,12562.94
08.07.2021 20:00:00 +02:00,17130.57,12450.23
08.07.2021 21:00:00 +02:00,17685.96,12283.04
08.07.2021 22:00:00 +02:00,17353.05,12069.94
08.07.2021 23:00:00 +02:00,16701.18,11842.11
09.07.2021 00:00:00 +02:00,16624.47,11436.23
09.07.2021 01:00:00 +02:00,16268.48,11110.58
09.07.2021 02:00:00 +02:00,15999.54,10865.85
09.07.2021 03:00:00 +02:00,15871.18,10708.30
09.07.2021 04:00:00 +02:00,15956.95,10605.99
09.07.2021 05:00:00 +02:00,16328.39,10706.62
09.07.2021 06:00:00 +02:00,16619.25,11272.53
09.07.2021 07:00:00 +02:00,17517.96,12007.15
09.07.2021 08:00:00 +02:00,17897.76,12537.07
09.07.2021 09:00:00 +02:00,18016.13,12802.11
09.07.2021 10:00:00 +02:00,18118.67,12956.85
09.07.2021 11:00:00 +02:00,18432.92,12950.46
09.07.2021 12:00:00 +02:00,18467.57,12475.05
09.07.2021 13:00:00 +02:00,18365.32,12781.89
09.07.2021 14:00:00 +02:00,18430.58,12516.15
09.07.2021 15:00:00 +02:00,18299.09,12555.20
09.07.2021 16:00:00 +02:00,17938.81,12513.82
09.07.2021 17:00:00 +02:00,17992.86,12433.62
09.07.2021 18:00:00 +02:00,17824.81,12360.76
09.07.2021 19:00:00 +02:00,17731.04,12269.38
09.07.2021 20:00:00 +02:00,17770.97,12093.95
09.07.2021 21:00:00 +02:00,17370.24,11849.22
09.07.2021 22:00:00 +02:00,16239.02,11643.62
09.07.2021 23:00:00 +02:00,15483.87,11488.52
10.07.2021 00:00:00 +02:00,15709.06,11228.59
10.07.2021 01:00:00 +02:00,15401.77,10997.87
10.07.2021 02:00:00 +02:00,15191.81,10733.69
10.07.2021 03:00:00 +02:00,14924.12,10668.39
10.07.2021 04:00:00 +02:00,14494.49,10570.68
10.07.2021 05:00:00 +02:00,14484.42,10516.39
10.07.2021 06:00:00 +02:00,14846.76,10551.04
10.07.2021 07:00:00 +02:00,15264.54,10869.24
10.07.2021 08:00:00 +02:00,15839.78,11290.59
10.07.2021 09:00:00 +02:00,16679.47,11814.28
10.07.2021 10:00:00 +02:00,17412.05,12153.49
10.07.2021 11:00:00 +02:00,17402.10,12293.58
10.07.2021 12:00:00 +02:00,17157.33,12296.79
10.07.2021 13:00:00 +02:00,16794.05,12248.11
10.07.2021 14:00:00 +02:00,16649.58,12117.89
10.07.2021 15:00:00 +02:00,16493.72,12100.34
10.07.2021 16:00:00 +02:00,16280.00,12117.96
10.07.2021 17:00:00 +02:00,16428.00,12185.31
10.07.2021 18:00:00 +02:00,16720.54,12148.03
10.07.2021 19:00:00 +02:00,16948.80,12015.91
10.07.2021 20:00:00 +02:00,16761.83,11848.26
10.07.2021 21:00:00 +02:00,16474.41,11629.28
10.07.2021 22:00:00 +02:00,15907.29,11480.12
10.07.2021 23:00:00 +02:00,15617.14,11321.14
11.07.2021 00:00:00 +02:00,15481.03,10846.12
11.07.2021 01:00:00 +02:00,15318.43,10781.65
11.07.2021 02:00:00 +02:00,15004.76,10545.10
11.07.2021 03:00:00 +02:00,14933.38,10437.29
11.07.2021 04:00:00 +02:00,14758.90,10350.50
11.07.2021 05:00:00 +02:00,14751.16,10259.27
11.07.2021 06:00:00 +02:00,15021.91,10335.42
11.07.2021 07:00:00 +02:00,15311.17,10437.52
11.07.2021 08:00:00 +02:00,15718.50,10752.45
11.07.2021 09:00:00 +02:00,16231.61,11170.90
11.07.2021 10:00:00 +02:00,16733.86,11425.81
11.07.2021 11:00:00 +02:00,16910.39,11562.43
11.07.2021 12:00:00 +02:00,17028.13,11557.26
11.07.2021 13:00:00 +02:00,17061.43,11519.13
11.07.2021 14:00:00 +02:00,16941.78,11503.41
11.07.2021 15:00:00 +02:00,16881.95,11537.15
11.07.2021 16:00:00 +02:00,16793.97,11599.59
11.07.2021 17:00:00 +02:00,16987.69,11628.20
11.07.2021 18:00:00 +02:00,17257.41,11729.01
11.07.2021 19:00:00 +02:00,17864.93,11587.96
11.07.2021 20:00:00 +02:00,17900.28,11794.59
11.07.2021 21:00:00 +02:00,17745.76,11669.43
11.07.2021 22:00:00 +02:00,17440.99,11442.34
11.07.2021 23:00:00 +02:00,16733.34,11280.26
12.07.2021 00:00:00 +02:00,15389.30,11064.42
12.07.2021 01:00:00 +02:00,14931.67,10800.68
12.07.2021 02:00:00 +02:00,14692.27,10600.40
12.07.2021 03:00:00 +02:00,14671.91,10524.31
12.07.2021 04:00:00 +02:00,14767.63,10415.54
12.07.2021 05:00:00 +02:00,15068.48,10501.53
12.07.2021 06:00:00 +02:00,15718.54,11031.22
12.07.2021 07:00:00 +02:00,15557.70,11689.35
12.07.2021 08:00:00 +02:00,16111.39,12183.11
12.07.2021 09:00:00 +02:00,16629.14,12475.08
12.07.2021 10:00:00 +02:00,16637.28,12594.72
12.07.2021 11:00:00 +02:00,16686.19,12368.70
12.07.2021 12:00:00 +02:00,16815.29,12578.66
12.07.2021 13:00:00 +02:00,16757.61,12463.31
12.07.2021 14:00:00 +02:00,16732.96,12513.76
12.07.2021 15:00:00 +02:00,16685.13,12464.57
12.07.2021 16:00:00 +02:00,16754.95,12413.09
12.07.2021 17:00:00 +02:00,17185.87,12305.87
12.07.2021 18:00:00 +02:00,16816.14,12217.84
12.07.2021 19:00:00 +02:00,16812.15,12176.09
12.07.2021 20:00:00 +02:00,16761.02,12055.63
12.07.2021 21:00:00 +02:00,16469.76,11925.48
12.07.2021 22:00:00 +02:00,16280.47,11523.34
12.07.2021 23:00:00 +02:00,16101.20,11497.34
13.07.2021 00:00:00 +02:00,15793.08,11072.76
13.07.2021 01:00:00 +02:00,15550.53,10726.06
13.07.2021 02:00:00 +02:00,15274.38,10492.48
13.07.2021 03:00:00 +02:00,15178.35,10412.84
13.07.2021 04:00:00 +02:00,15128.79,10356.46
13.07.2021 05:00:00 +02:00,15048.28,10432.99
13.07.2021 06:00:00 +02:00,15414.32,10903.45
13.07.2021 07:00:00 +02:00,15959.16,11540.37
13.07.2021 08:00:00 +02:00,16725.25,12042.67
13.07.2021 09:00:00 +02:00,17080.63,12316.82
13.07.2021 10:00:00 +02:00,17206.73,12264.24
13.07.2021 11:00:00 +02:00,17162.69,12357.53
13.07.2021 12:00:00 +02:00,17079.68,12567.20
13.07.2021 13:00:00 +02:00,17019.30,12546.33
13.07.2021 14:00:00 +02:00,16990.29,12552.43
13.07.2021 15:00:00 +02:00,17080.00,12342.89
13.07.2021 16:00:00 +02:00,16760.32,12487.69
13.07.2021 17:00:00 +02:00,17368.95,12450.12
13.07.2021 18:00:00 +02:00,17598.99,11928.71
13.07.2021 19:00:00 +02:00,17457.20,12236.79
13.07.2021 20:00:00 +02:00,17270.05,12128.38
13.07.2021 21:00:00 +02:00,16986.45,11976.75
13.07.2021 22:00:00 +02:00,16570.54,11780.69
13.07.2021 23:00:00 +02:00,16380.17,11558.18
14.07.2021 00:00:00 +02:00,16246.37,11144.73
14.07.2021 01:00:00 +02:00,16144.93,10798.70
14.07.2021 02:00:00 +02:00,15993.22,10537.54
14.07.2021 03:00:00 +02:00,15796.79,10423.10
14.07.2021 04:00:00 +02:00,15610.06,10325.45
14.07.2021 05:00:00 +02:00,15696.40,10375.70
14.07.2021 06:00:00 +02:00,16136.21,10832.09
14.07.2021 07:00:00 +02:00,16735.84,11543.68
14.07.2021 08:00:00 +02:00,17282.36,12023.33
14.07.2021 09:00:00 +02:00,17554.77,12271.51
14.07.2021 10:00:00 +02:00,17962.23,12564.40
14.07.2021 11:00:00 +02:00,17833.12,12675.26
14.07.2021 12:00:00 +02:00,17864.92,12660.58
14.07.2021 13:00:00 +02:00,17726.34,12463.99
14.07.2021 14:00:00 +02:00,17488.77,12659.74
14.07.2021 15:00:00 +02:00,17463.85,12620.48
14.07.2021 16:00:00 +02:00,17170.00,12559.53
14.07.2021 17:00:00 +02:00,17592.64,12487.49
14.07.2021 18:00:00 +02:00,17444.52,12387.91
14.07.2021 19:00:00 +02:00,16979.25,12231.71
14.07.2021 20:00:00 +02:00,16672.33,12111.50
14.07.2021 21:00:00 +02:00,16468.96,11934.24
14.07.2021 22:00:00 +02:00,16032.58,11811.35
14.07.2021 23:00:00 +02:00,15325.68,11570.65
15.07.2021 00:00:00 +02:00,14375.37,11125.64
15.07.2021 01:00:00 +02:00,14138.57,10405.44
15.07.2021 02:00:00 +02:00,14017.47,10573.59
15.07.2021 03:00:00 +02:00,13378.41,10482.20
15.07.2021 04:00:00 +02:00,13658.49,10341.25
15.07.2021 05:00:00 +02:00,13717.08,10353.06
15.07.2021 06:00:00 +02:00,14607.42,10848.05
15.07.2021 07:00:00 +02:00,15497.95,11535.21
15.07.2021 08:00:00 +02:00,16311.64,11997.93
15.07.2021 09:00:00 +02:00,16682.12,12345.39
15.07.2021 10:00:00 +02:00,16879.79,11953.63
15.07.2021 11:00:00 +02:00,16871.84,12591.59
15.07.2021 12:00:00 +02:00,16874.35,12602.05
15.07.2021 13:00:00 +02:00,17053.90,12166.57
15.07.2021 14:00:00 +02:00,17091.61,12339.19
15.07.2021 15:00:00 +02:00,16963.97,12065.79
15.07.2021 16:00:00 +02:00,16576.71,12394.52
15.07.2021 17:00:00 +02:00,16678.43,12309.80
15.07.2021 18:00:00 +02:00,16697.30,12230.20
15.07.2021 19:00:00 +02:00,16803.51,12093.82
15.07.2021 20:00:00 +02:00,16533.42,11998.94
15.07.2021 21:00:00 +02:00,16062.78,11877.93
15.07.2021 22:00:00 +02:00,15541.27,11746.18
15.07.2021 23:00:00 +02:00,14846.68,11514.12
16.07.2021 00:00:00 +02:00,13572.07,11058.32
16.07.2021 01:00:00 +02:00,12996.11,10741.06
16.07.2021 02:00:00 +02:00,13081.75,10546.63
16.07.2021 03:00:00 +02:00,12918.76,10453.32
16.07.2021 04:00:00 +02:00,12680.06,10364.54
16.07.2021 05:00:00 +02:00,12893.01,10445.62
16.07.2021 06:00:00 +02:00,13363.21,10915.53
16.07.2021 07:00:00 +02:00,14310.64,11523.79
16.07.2021 08:00:00 +02:00,15176.11,11954.89
16.07.2021 09:00:00 +02:00,15833.95,12242.55
16.07.2021 10:00:00 +02:00,16318.10,12447.74
16.07.2021 11:00:00 +02:00,16555.43,12464.04
16.07.2021 12:00:00 +02:00,16483.46,12486.03
16.07.2021 13:00:00 +02:00,16375.66,12450.84
16.07.2021 14:00:00 +02:00,15992.34,12253.25
16.07.2021 15:00:00 +02:00,15633.05,12331.31
16.07.2021 16:00:00 +02:00,15536.77,12236.74
16.07.2021 17:00:00 +02:00,15856.51,12114.65
16.07.2021 18:00:00 +02:00,16020.22,12044.62
16.07.2021 19:00:00 +02:00,15939.08,11840.57
16.07.2021 20:00:00 +02:00,15614.40,11878.92
16.07.2021 21:00:00 +02:00,15320.25,11660.11
16.07.2021 22:00:00 +02:00,15032.70,11514.43
16.07.2021 23:00:00 +02:00,14469.40,11354.93
17.07.2021 00:00:00 +02:00,13424.25,11028.50
17.07.2021 01:00:00 +02:00,12700.82,10746.50
17.07.2021 02:00:00 +02:00,12496.03,10344.72
17.07.2021 03:00:00 +02:00,12252.89,10421.06
17.07.2021 04:00:00 +02:00,11556.05,10250.60
17.07.2021 05:00:00 +02:00,11048.06,9826.35
17.07.2021 06:00:00 +02:00,11698.43,10259.57
17.07.2021 07:00:00 +02:00,12385.82,10520.84
17.07.2021 08:00:00 +02:00,12749.64,10883.56
17.07.2021 09:00:00 +02:00,13301.34,11378.51
17.07.2021 10:00:00 +02:00,13332.77,11088.43
17.07.2021 11:00:00 +02:00,12739.30,11735.84
17.07.2021 12:00:00 +02:00,11699.98,11774.08
17.07.2021 13:00:00 +02:00,10931.31,11788.53
17.07.2021 14:00:00 +02:00,10278.25,11756.38
17.07.2021 15:00:00 +02:00,10089.69,11785.72
17.07.2021 16:00:00 +02:00,10863.07,11841.52
17.07.2021 17:00:00 +02:00,11773.76,11891.34
17.07.2021 18:00:00 +02:00,12423.72,11853.85
17.07.2021 19:00:00 +02:00,12681.82,11764.33
17.07.2021 20:00:00 +02:00,12748.87,11604.30
17.07.2021 21:00:00 +02:00,12819.42,11385.66
17.07.2021 22:00:00 +02:00,12756.32,11258.17
17.07.2021 23:00:00 +02:00,12264.64,11132.69
18.07.2021 00:00:00 +02:00,11831.79,10857.09
18.07.2021 01:00:00 +02:00,11355.60,10637.72
18.07.2021 02:00:00 +02:00,10510.86,10460.23
18.07.2021 03:00:00 +02:00,10214.97,10293.96
18.07.2021 04:00:00 +02:00,10286.56,10208.62
18.07.2021 05:00:00 +02:00,10367.72,10076.29
18.07.2021 06:00:00 +02:00,10864.23,10175.41
18.07.2021 07:00:00 +02:00,11492.18,10359.05
18.07.2021 08:00:00 +02:00,11738.91,10672.37
18.07.2021 09:00:00 +02:00,10962.73,11079.07
18.07.2021 10:00:00 +02:00,9646.90,11314.47
18.07.2021 11:00:00 +02:00,8932.85,11471.61
18.07.2021 12:00:00 +02:00,8330.46,11605.41
18.07.2021 13:00:00 +02:00,8117.36,11613.91
18.07.2021 14:00:00 +02:00,8297.51,11635.40
18.07.2021 15:00:00 +02:00,8409.09,11693.69
18.07.2021 16:00:00 +02:00,8588.86,11739.90
18.07.2021 17:00:00 +02:00,9644.46,11769.98
18.07.2021 18:00:00 +02:00,11428.04,11839.83
18.07.2021 19:00:00 +02:00,12309.27,11872.35
18.07.2021 20:00:00 +02:00,12706.45,11790.15
18.07.2021 21:00:00 +02:00,12922.20,11783.24
18.07.2021 22:00:00 +02:00,13341.67,11696.53
18.07.2021 23:00:00 +02:00,13092.63,11546.91
19.07.2021 00:00:00 +02:00,12771.05,11145.42
19.07.2021 01:00:00 +02:00,12452.07,10855.77
19.07.2021 02:00:00 +02:00,12235.64,10698.78
19.07.2021 03:00:00 +02:00,12334.56,10604.32
19.07.2021 04:00:00 +02:00,12296.46,10459.54
19.07.2021 05:00:00 +02:00,12579.83,10559.88
19.07.2021 06:00:00 +02:00,14020.26,11065.78
19.07.2021 07:00:00 +02:00,14773.18,11626.07
19.07.2021 08:00:00 +02:00,15270.57,12064.97
19.07.2021 09:00:00 +02:00,15501.90,12342.48
19.07.2021 10:00:00 +02:00,15773.33,12516.57
19.07.2021 11:00:00 +02:00,15730.91,12574.67
19.07.2021 12:00:00 +02:00,15628.06,12483.73
19.07.2021 13:00:00 +02:00,15374.06,12423.85
19.07.2021 14:00:00 +02:00,15145.39,12382.61
19.07.2021 15:00:00 +02:00,15360.19,12295.17
19.07.2021 16:00:00 +02:00,15256.56,12073.90
19.07.2021 17:00:00 +02:00,15688.12,12236.96
19.07.2021 18:00:00 +02:00,16293.26,8271.61
19.07.2021 19:00:00 +02:00,16407.39,5466.69
19.07.2021 20:00:00 +02:00,16104.20,2839.54
19.07.2021 21:00:00 +02:00,15502.31,6215.88
19.07.2021 22:00:00 +02:00,14940.06,6517.61
19.07.2021 23:00:00 +02:00,14202.80,7905.93
20.07.2021 00:00:00 +02:00,13865.53,11160.80
20.07.2021 01:00:00 +02:00,13601.78,10859.47
20.07.2021 02:00:00 +02:00,13355.52,10532.39
20.07.2021 03:00:00 +02:00,13042.51,10625.13
20.07.2021 04:00:00 +02:00,12770.06,10552.71
20.07.2021 05:00:00 +02:00,12325.40,10421.72
20.07.2021 06:00:00 +02:00,12909.49,11051.01
20.07.2021 07:00:00 +02:00,13633.06,9844.23
20.07.2021 08:00:00 +02:00,14210.47,8021.87
20.07.2021 09:00:00 +02:00,14704.50,9515.46
20.07.2021 10:00:00 +02:00,14940.30,11285.74
20.07.2021 11:00:00 +02:00,14921.67,11584.34
20.07.2021 12:00:00 +02:00,14837.01,12586.79
20.07.2021 13:00:00 +02:00,14542.96,12511.83
20.07.2021 14:00:00 +02:00,14284.73,12487.52
20.07.2021 15:00:00 +02:00,14303.02,12509.29
20.07.2021 16:00:00 +02:00,14389.56,12469.14
20.07.2021 17:00:00 +02:00,15021.64,12368.80
20.07.2021 18:00:00 +02:00,15077.71,12311.67
20.07.2021 19:00:00 +02:00,15084.43,12252.91
20.07.2021 20:00:00 +02:00,14852.34,12147.74
20.07.2021 21:00:00 +02:00,14890.60,11987.06
20.07.2021 22:00:00 +02:00,14307.90,11878.98
20.07.2021 23:00:00 +02:00,13615.65,11624.92
21.07.2021 00:00:00 +02:00,13201.48,11210.43
21.07.2021 01:00:00 +02:00,12954.50,10907.69
21.07.2021 02:00:00 +02:00,12665.17,10729.08
21.07.2021 03:00:00 +02:00,12337.27,10623.23
21.07.2021 04:00:00 +02:00,12435.28,10533.78
21.07.2021 05:00:00 +02:00,12674.41,10578.39
21.07.2021 06:00:00 +02:00,13635.14,11020.36
21.07.2021 07:00:00 +02:00,14708.66,11582.93
21.07.2021 08:00:00 +02:00,15589.68,12054.28
21.07.2021 09:00:00 +02:00,16461.73,12304.58
21.07.2021 10:00:00 +02:00,16454.33,12435.24
21.07.2021 11:00:00 +02:00,16422.91,11368.53
21.07.2021 12:00:00 +02:00,16370.44,12328.67
21.07.2021 13:00:00 +02:00,16189.14,12249.72
21.07.2021 14:00:00 +02:00,15758.31,12261.06
21.07.2021 15:00:00 +02:00,15489.61,12211.20
21.07.2021 16:00:00 +02:00,16037.56,12197.69
21.07.2021 17:00:00 +02:00,16267.03,12176.64
21.07.2021 18:00:00 +02:00,16808.71,12167.07
21.07.2021 19:00:00 +02:00,16888.96,12144.93
21.07.2021 20:00:00 +02:00,16367.22,12023.37
21.07.2021 21:00:00 +02:00,16259.21,11879.25
21.07.2021 22:00:00 +02:00,16050.20,11826.28
21.07.2021 23:00:00 +02:00,15121.08,11576.70
22.07.2021 00:00:00 +02:00,14829.42,11161.12
22.07.2021 01:00:00 +02:00,14578.06,10911.30
22.07.2021 02:00:00 +02:00,14357.87,10731.41
22.07.2021 03:00:00 +02:00,14188.32,10631.95
22.07.2021 04:00:00 +02:00,14042.11,10517.22
22.07.2021 05:00:00 +02:00,13850.04,10514.08
22.07.2021 06:00:00 +02:00,14172.85,10941.80
22.07.2021 07:00:00 +02:00,15207.20,11344.02
22.07.2021 08:00:00 +02:00,16280.09,12004.34
22.07.2021 09:00:00 +02:00,16564.21,12326.26
22.07.2021 10:00:00 +02:00,16830.83,12552.97
22.07.2021 11:00:00 +02:00,16709.34,12477.23
22.07.2021 12:00:00 +02:00,16560.02,12411.01
22.07.2021 13:00:00 +02:00,16323.02,12442.50
22.07.2021 14:00:00 +02:00,16164.29,12430.51
22.07.2021 15:00:00 +02:00,16133.32,12405.40
22.07.2021 16:00:00 +02:00,16181.45,12395.37
22.07.2021 17:00:00 +02:00,16670.15,12345.00
22.07.2021 18:00:00 +02:00,16915.07,12332.93
22.07.2021 19:00:00 +02:00,16793.71,12259.56
22.07.2021 20:00:00 +02:00,16453.78,12152.80
22.07.2021 21:00:00 +02:00,16123.59,11981.15
22.07.2021 22:00:00 +02:00,15679.28,11870.99
22.07.2021 23:00:00 +02:00,14962.90,11581.21
23.07.2021 00:00:00 +02:00,13994.27,11138.96
23.07.2021 01:00:00 +02:00,13697.40,10803.35
23.07.2021 02:00:00 +02:00,13710.09,10589.87
23.07.2021 03:00:00 +02:00,13719.80,10504.94
23.07.2021 04:00:00 +02:00,13694.29,10445.37
23.07.2021 05:00:00 +02:00,13910.95,10500.10
23.07.2021 06:00:00 +02:00,14577.72,10946.18
23.07.2021 07:00:00 +02:00,15322.16,11568.60
23.07.2021 08:00:00 +02:00,16293.13,12036.66
23.07.2021 09:00:00 +02:00,16831.69,12332.04
23.07.2021 10:00:00 +02:00,17171.30,12531.08
23.07.2021 11:00:00 +02:00,17186.88,12446.23
23.07.2021 12:00:00 +02:00,17356.87,12439.11
23.07.2021 13:00:00 +02:00,17231.48,12440.64
23.07.2021 14:00:00 +02:00,17258.45,12183.35
23.07.2021 15:00:00 +02:00,16954.65,12295.01
23.07.2021 16:00:00 +02:00,16564.04,11964.94
23.07.2021 17:00:00 +02:00,16729.22,11902.97
23.07.2021 18:00:00 +02:00,16726.07,12046.42
23.07.2021 19:00:00 +02:00,16695.25,11955.12
23.07.2021 20:00:00 +02:00,16307.81,11804.38
23.07.2021 21:00:00 +02:00,15853.75,11598.57
23.07.2021 22:00:00 +02:00,15604.97,11515.06
23.07.2021 23:00:00 +02:00,14819.76,11361.73
24.07.2021 00:00:00 +02:00,14197.61,10816.90
24.07.2021 01:00:00 +02:00,13908.41,10729.08
24.07.2021 02:00:00 +02:00,13643.57,10328.01
24.07.2021 03:00:00 +02:00,13655.72,10438.13
24.07.2021 04:00:00 +02:00,13486.26,10344.67
24.07.2021 05:00:00 +02:00,13211.30,10085.86
24.07.2021 06:00:00 +02:00,13403.69,10177.63
24.07.2021 07:00:00 +02:00,13810.26,10582.84
24.07.2021 08:00:00 +02:00,14365.21,10788.02
24.07.2021 09:00:00 +02:00,15241.89,11388.48
24.07.2021 10:00:00 +02:00,15319.75,11624.35
24.07.2021 11:00:00 +02:00,15361.39,11698.59
24.07.2021 12:00:00 +02:00,15248.27,11699.28
24.07.2021 13:00:00 +02:00,14932.98,11609.89
24.07.2021 14:00:00 +02:00,14663.56,11508.61
24.07.2021 15:00:00 +02:00,14518.97,11241.41
24.07.2021 16:00:00 +02:00,14380.50,11132.60
24.07.2021 17:00:00 +02:00,14767.12,11222.65
24.07.2021 18:00:00 +02:00,14923.05,11087.35
24.07.2021 19:00:00 +02:00,14935.42,11240.71
24.07.2021 20:00:00 +02:00,14735.99,10733.92
24.07.2021 21:00:00 +02:00,14277.71,10774.83
24.07.2021 22:00:00 +02:00,13889.15,10585.41
24.07.2021 23:00:00 +02:00,13265.62,10798.05
25.07.2021 00:00:00 +02:00,12761.33,10344.11
25.07.2021 01:00:00 +02:00,11972.76,10270.52
25.07.2021 02:00:00 +02:00,11912.72,9930.25
25.07.2021 03:00:00 +02:00,11447.01,9807.72
25.07.2021 04:00:00 +02:00,11459.56,9939.46
25.07.2021 05:00:00 +02:00,10951.77,9819.85
25.07.2021 06:00:00 +02:00,10692.84,9680.28
25.07.2021 07:00:00 +02:00,10745.27,9995.75
25.07.2021 08:00:00 +02:00,11137.87,10317.93
25.07.2021 09:00:00 +02:00,11043.20,10696.14
25.07.2021 10:00:00 +02:00,10585.43,10900.89
25.07.2021 11:00:00 +02:00,10731.35,11011.81
25.07.2021 12:00:00 +02:00,10513.53,11004.30
25.07.2021 13:00:00 +02:00,10249.09,10952.57
25.07.2021 14:00:00 +02:00,10154.63,10918.48
25.07.2021 15:00:00 +02:00,10611.53,10424.96
25.07.2021 16:00:00 +02:00,11812.44,11059.43
25.07.2021 17:00:00 +02:00,13497.94,11168.04
25.07.2021 18:00:00 +02:00,14670.07,11285.71
25.07.2021 19:00:00 +02:00,14781.65,11316.33
25.07.2021 20:00:00 +02:00,14682.23,11337.19
25.07.2021 21:00:00 +02:00,14580.90,11323.63
25.07.2021 22:00:00 +02:00,14167.46,11270.11
25.07.2021 23:00:00 +02:00,14031.05,10920.33
26.07.2021 00:00:00 +02:00,13519.69,10552.57
26.07.2021 01:00:00 +02:00,13571.11,10407.60
26.07.2021 02:00:00 +02:00,13643.13,10205.06
26.07.2021 03:00:00 +02:00,13672.56,10129.90
26.07.2021 04:00:00 +02:00,13327.84,9946.82
26.07.2021 05:00:00 +02:00,13369.84,10107.13
26.07.2021 06:00:00 +02:00,13768.46,10471.22
26.07.2021 07:00:00 +02:00,14538.49,10523.63
26.07.2021 08:00:00 +02:00,15329.62,11599.27
26.07.2021 09:00:00 +02:00,15636.66,11741.56
26.07.2021 10:00:00 +02:00,15835.70,12193.85
26.07.2021 11:00:00 +02:00,16047.26,12280.55
26.07.2021 12:00:00 +02:00,15841.02,11668.24
26.07.2021 13:00:00 +02:00,15931.12,7539.19
26.07.2021 14:00:00 +02:00,15997.44,8325.68
26.07.2021 15:00:00 +02:00,15938.03,11342.30
26.07.2021 16:00:00 +02:00,15746.67,11620.61
26.07.2021 17:00:00 +02:00,16102.23,11611.68
26.07.2021 18:00:00 +02:00,15926.08,11718.80
26.07.2021 19:00:00 +02:00,15675.78,11845.44
26.07.2021 20:00:00 +02:00,15356.28,11517.72
26.07.2021 21:00:00 +02:00,15009.12,11484.00
26.07.2021 22:00:00 +02:00,14306.40,11116.90
26.07.2021 23:00:00 +02:00,13991.64,10618.98
27.07.2021 00:00:00 +02:00,13795.35,10358.53
27.07.2021 01:00:00 +02:00,13715.39,10252.13
27.07.2021 02:00:00 +02:00,13565.12,10107.60
27.07.2021 03:00:00 +02:00,13281.93,9998.54
27.07.2021 04:00:00 +02:00,12976.37,9946.18
27.07.2021 05:00:00 +02:00,12912.48,7478.53
27.07.2021 06:00:00 +02:00,13126.81,10173.89
27.07.2021 07:00:00 +02:00,13739.29,10701.19
27.07.2021 08:00:00 +02:00,14632.24,11415.83
27.07.2021 09:00:00 +02:00,15661.94,11847.24
27.07.2021 10:00:00 +02:00,16196.88,11390.64
27.07.2021 11:00:00 +02:00,16593.83,11801.36
27.07.2021 12:00:00 +02:00,16805.68,407.28
27.07.2021 13:00:00 +02:00,16517.05,4498.96
27.07.2021 14:00:00 +02:00,15933.87,12286.65
27.07.2021 15:00:00 +02:00,15940.45,12234.12
27.07.2021 16:00:00 +02:00,15948.50,12203.46
27.07.2021 17:00:00 +02:00,16035.49,12111.90
27.07.2021 18:00:00 +02:00,15996.89,12035.02
27.07.2021 19:00:00 +02:00,15738.21,11898.81
27.07.2021 20:00:00 +02:00,15570.45,11772.60
27.07.2021 21:00:00 +02:00,15292.84,11592.12
27.07.2021 22:00:00 +02:00,14782.64,11442.49
27.07.2021 23:00:00 +02:00,13715.98,11078.50
28.07.2021 00:00:00 +02:00,13233.56,10633.23
28.07.2021 01:00:00 +02:00,12859.65,10352.68
28.07.2021 02:00:00 +02:00,12726.09,10128.08
28.07.2021 03:00:00 +02:00,12688.92,10053.73
28.07.2021 04:00:00 +02:00,13002.70,10019.47
28.07.2021 05:00:00 +02:00,13123.17,10026.44
28.07.2021 06:00:00 +02:00,13225.55,10420.94
28.07.2021 07:00:00 +02:00,13989.44,10996.74
28.07.2021 08:00:00 +02:00,14995.68,11472.51
28.07.2021 09:00:00 +02:00,15756.36,11647.17
28.07.2021 10:00:00 +02:00,16157.43,12084.11
28.07.2021 11:00:00 +02:00,15853.64,12113.59
28.07.2021 12:00:00 +02:00,15447.51,12105.68
28.07.2021 13:00:00 +02:00,14583.46,12085.36
28.07.2021 14:00:00 +02:00,13631.05,12156.85
28.07.2021 15:00:00 +02:00,13417.24,12105.07
28.07.2021 16:00:00 +02:00,13283.74,12118.11
28.07.2021 17:00:00 +02:00,14170.43,12029.73
28.07.2021 18:00:00 +02:00,15136.44,11899.25
28.07.2021 19:00:00 +02:00,15149.06,11796.44
28.07.2021 20:00:00 +02:00,14731.64,11640.87
28.07.2021 21:00:00 +02:00,14244.63,11447.62
28.07.2021 22:00:00 +02:00,13955.64,11197.57
28.07.2021 23:00:00 +02:00,13191.94,11088.64
29.07.2021 00:00:00 +02:00,11714.19,10656.53
29.07.2021 01:00:00 +02:00,10640.35,10392.19
29.07.2021 02:00:00 +02:00,9792.42,10230.14
29.07.2021 03:00:00 +02:00,9241.17,10171.65
29.07.2021 04:00:00 +02:00,9353.44,10123.74
29.07.2021 05:00:00 +02:00,10281.55,9969.83
29.07.2021 06:00:00 +02:00,11295.78,10489.12
29.07.2021 07:00:00 +02:00,12035.99,11052.19
29.07.2021 08:00:00 +02:00,11779.89,11552.66
29.07.2021 09:00:00 +02:00,10548.25,11946.02
29.07.2021 10:00:00 +02:00,9999.51,11874.37
29.07.2021 11:00:00 +02:00,9881.16,12155.11
29.07.2021 12:00:00 +02:00,10043.99,12196.62
29.07.2021 13:00:00 +02:00,9957.53,11782.37
29.07.2021 14:00:00 +02:00,10037.11,12260.63
29.07.2021 15:00:00 +02:00,9968.09,12193.60
29.07.2021 16:00:00 +02:00,9860.26,12274.67
29.07.2021 17:00:00 +02:00,10554.21,12212.40
29.07.2021 18:00:00 +02:00,12013.94,12132.71
29.07.2021 19:00:00 +02:00,13256.43,12037.40
29.07.2021 20:00:00 +02:00,13244.14,11921.38
29.07.2021 21:00:00 +02:00,13164.82,11723.84
29.07.2021 22:00:00 +02:00,12914.61,11623.59
29.07.2021 23:00:00 +02:00,12305.80,11305.82
30.07.2021 00:00:00 +02:00,11003.46,10845.13
30.07.2021 01:00:00 +02:00,10575.25,10545.48
30.07.2021 02:00:00 +02:00,10265.68,10311.58
30.07.2021 03:00:00 +02:00,10353.36,10263.05
30.07.2021 04:00:00 +02:00,10428.86,10242.32
30.07.2021 05:00:00 +02:00,10699.45,10218.84
30.07.2021 06:00:00 +02:00,11512.65,10530.31
30.07.2021 07:00:00 +02:00,12105.43,9033.62
30.07.2021 08:00:00 +02:00,12605.82,11714.01
30.07.2021 09:00:00 +02:00,12732.44,12069.00
30.07.2021 10:00:00 +02:00,12622.16,12251.23
30.07.2021 11:00:00 +02:00,11914.57,12220.35
30.07.2021 12:00:00 +02:00,11213.04,12197.37
30.07.2021 13:00:00 +02:00,10946.35,12203.24
30.07.2021 14:00:00 +02:00,11075.13,12168.58
30.07.2021 15:00:00 +02:00,11654.56,12092.43
30.07.2021 16:00:00 +02:00,12445.54,12036.01
30.07.2021 17:00:00 +02:00,13549.14,11942.43
30.07.2021 18:00:00 +02:00,14165.04,11929.91
30.07.2021 19:00:00 +02:00,14904.76,11819.17
30.07.2021 20:00:00 +02:00,14786.25,11680.04
30.07.2021 21:00:00 +02:00,14680.28,11539.11
30.07.2021 22:00:00 +02:00,14433.90,11494.26
30.07.2021 23:00:00 +02:00,14030.05,11220.86
31.07.2021 00:00:00 +02:00,12791.98,10884.87
31.07.2021 01:00:00 +02:00,11192.50,10590.32
31.07.2021 02:00:00 +02:00,9861.43,10358.11
31.07.2021 03:00:00 +02:00,9189.49,10320.96
31.07.2021 04:00:00 +02:00,9133.93,10271.07
31.07.2021 05:00:00 +02:00,9129.43,10149.96
31.07.2021 06:00:00 +02:00,9553.70,10201.88
31.07.2021 07:00:00 +02:00,9858.93,10495.53
31.07.2021 08:00:00 +02:00,9531.23,10874.58
31.07.2021 09:00:00 +02:00,9688.30,11342.94
31.07.2021 10:00:00 +02:00,9714.09,11690.26
31.07.2021 11:00:00 +02:00,9788.14,11781.67
31.07.2021 12:00:00 +02:00,9801.50,11825.56
31.07.2021 13:00:00 +02:00,9754.21,11820.38
31.07.2021 14:00:00 +02:00,9942.80,11761.98
31.07.2021 15:00:00 +02:00,10045.54,11719.77
31.07.2021 16:00:00 +02:00,10485.40,11759.42
31.07.2021 17:00:00 +02:00,11206.27,11658.29
31.07.2021 18:00:00 +02:00,12197.24,11829.32
31.07.2021 19:00:00 +02:00,12531.72,11787.06
31.07.2021 20:00:00 +02:00,13023.06,11677.30
31.07.2021 21:00:00 +02:00,14075.35,11537.64
31.07.2021 22:00:00 +02:00,14520.31,11510.37
31.07.2021 23:00:00 +02:00,13588.08,11237.04
01.08.2021 00:00:00 +02:00,12144.98,10936.38
01.08.2021 01:00:00 +02:00,11038.86,10688.49
01.08.2021 02:00:00 +02:00,10965.68,10463.59
01.08.2021 03:00:00 +02:00,10886.54,10377.36
01.08.2021 04:00:00 +02:00,10936.48,10369.55
01.08.2021 05:00:00 +02:00,10979.93,10230.61
01.08.2021 06:00:00 +02:00,10849.82,10269.77
01.08.2021 07:00:00 +02:00,11471.13,10436.15
01.08.2021 08:00:00 +02:00,12255.72,10778.27
01.08.2021 09:00:00 +02:00,12615.37,10981.57
01.08.2021 10:00:00 +02:00,12988.30,11388.28
01.08.2021 11:00:00 +02:00,12937.34,11492.49
01.08.2021 12:00:00 +02:00,12950.51,11554.67
01.08.2021 13:00:00 +02:00,12155.70,11596.90
01.08.2021 14:00:00 +02:00,11292.02,11644.85
01.08.2021 15:00:00 +02:00,11003.55,11661.20
01.08.2021 16:00:00 +02:00,11691.35,11716.51
01.08.2021 17:00:00 +02:00,12762.60,11696.89
01.08.2021 18:00:00 +02:00,13981.84,11725.11
01.08.2021 19:00:00 +02:00,14993.15,11784.88
01.08.2021 20:00:00 +02:00,14763.48,11810.59
01.08.2021 21:00:00 +02:00,14702.40,11789.56
01.08.2021 22:00:00 +02:00,14481.19,11763.75
01.08.2021 23:00:00 +02:00,13613.85,11480.78
02.08.2021 00:00:00 +02:00,13189.61,11115.61
02.08.2021 01:00:00 +02:00,11784.19,10867.63
02.08.2021 02:00:00 +02:00,11314.28,9650.37
02.08.2021 03:00:00 +02:00,10474.48,10638.06
02.08.2021 04:00:00 +02:00,10843.38,10585.65
02.08.2021 05:00:00 +02:00,12276.38,10451.45
02.08.2021 06:00:00 +02:00,13232.66,11289.53
02.08.2021 07:00:00 +02:00,14055.45,12041.31
02.08.2021 08:00:00 +02:00,14841.37,12551.45
02.08.2021 09:00:00 +02:00,15291.67,12760.77
02.08.2021 10:00:00 +02:00,15727.91,12786.91
02.08.2021 11:00:00 +02:00,15586.57,12813.88
02.08.2021 12:00:00 +02:00,15702.81,12739.56
02.08.2021 13:00:00 +02:00,15706.02,12672.11
02.08.2021 14:00:00 +02:00,15554.54,12713.81
02.08.2021 15:00:00 +02:00,15569.83,12642.62
02.08.2021 16:00:00 +02:00,15502.19,12539.76
02.08.2021 17:00:00 +02:00,15486.05,12411.03
02.08.2021 18:00:00 +02:00,15906.52,12303.64
02.08.2021 19:00:00 +02:00,16132.66,12254.96
02.08.2021 20:00:00 +02:00,16355.62,12279.62
02.08.2021 21:00:00 +02:00,15912.75,12234.06
02.08.2021 22:00:00 +02:00,15737.60,12198.52
02.08.2021 23:00:00 +02:00,14712.49,11836.18
03.08.2021 00:00:00 +02:00,13924.72,11303.88
03.08.2021 01:00:00 +02:00,13588.03,11021.84
03.08.2021 02:00:00 +02:00,13446.14,10840.31
03.08.2021 03:00:00 +02:00,13346.34,10815.54
03.08.2021 04:00:00 +02:00,13285.83,10820.89
03.08.2021 05:00:00 +02:00,13604.29,10844.04
03.08.2021 06:00:00 +02:00,14163.03,11355.52
03.08.2021 07:00:00 +02:00,15180.25,12061.48
03.08.2021 08:00:00 +02:00,16093.03,12539.57
03.08.2021 09:00:00 +02:00,16318.44,12751.63
03.08.2021 10:00:00 +02:00,16548.75,12875.33
03.08.2021 11:00:00 +02:00,16727.98,12806.10
03.08.2021 12:00:00 +02:00,16442.96,12795.07
03.08.2021 13:00:00 +02:00,16365.64,12726.57
03.08.2021 14:00:00 +02:00,16322.12,12660.08
03.08.2021 15:00:00 +02:00,16141.99,12609.23
03.08.2021 16:00:00 +02:00,15987.28,12540.82
03.08.2021 17:00:00 +02:00,16133.76,12423.81
03.08.2021 18:00:00 +02:00,16163.05,12316.35
03.08.2021 19:00:00 +02:00,16401.23,12293.90
03.08.2021 20:00:00 +02:00,15578.52,12218.10
03.08.2021 21:00:00 +02:00,15074.05,12112.34
03.08.2021 22:00:00 +02:00,14742.68,12088.31
03.08.2021 23:00:00 +02:00,14508.53,11712.75
04.08.2021 00:00:00 +02:00,14452.21,11298.27
04.08.2021 01:00:00 +02:00,14330.97,11056.93
04.08.2021 02:00:00 +02:00,14355.50,10858.40
04.08.2021 03:00:00 +02:00,14323.72,10757.85
04.08.2021 04:00:00 +02:00,14280.47,10753.27
04.08.2021 05:00:00 +02:00,14216.57,10723.15
04.08.2021 06:00:00 +02:00,14988.26,11267.81
04.08.2021 07:00:00 +02:00,15863.67,12032.94
04.08.2021 08:00:00 +02:00,16488.96,12344.35
04.08.2021 09:00:00 +02:00,16736.44,12519.89
04.08.2021 10:00:00 +02:00,17022.72,12612.97
04.08.2021 11:00:00 +02:00,17148.49,12563.62
04.08.2021 12:00:00 +02:00,16972.43,12443.41
04.08.2021 13:00:00 +02:00,17159.93,12486.98
04.08.2021 14:00:00 +02:00,16803.66,12534.63
04.08.2021 15:00:00 +02:00,16480.67,12540.24
04.08.2021 16:00:00 +02:00,16405.62,12516.65
04.08.2021 17:00:00 +02:00,16732.39,12411.12
04.08.2021 18:00:00 +02:00,16965.26,12260.71
04.08.2021 19:00:00 +02:00,17178.13,12179.78
04.08.2021 20:00:00 +02:00,16707.83,12141.35
04.08.2021 21:00:00 +02:00,16395.21,12125.35
04.08.2021 22:00:00 +02:00,16016.00,12062.56
04.08.2021 23:00:00 +02:00,14986.79,11662.51
05.08.2021 00:00:00 +02:00,14296.87,11243.17
05.08.2021 01:00:00 +02:00,14188.38,10956.23
05.08.2021 02:00:00 +02:00,14189.41,10736.44
05.08.2021 03:00:00 +02:00,14145.46,10752.48
05.08.2021 04:00:00 +02:00,14138.72,10775.78
05.08.2021 05:00:00 +02:00,14202.67,10858.12
05.08.2021 06:00:00 +02:00,14784.81,11317.61
05.08.2021 07:00:00 +02:00,15602.81,12069.25
05.08.2021 08:00:00 +02:00,16639.36,12548.76
05.08.2021 09:00:00 +02:00,16878.41,12718.26
05.08.2021 10:00:00 +02:00,16777.64,12342.32
05.08.2021 11:00:00 +02:00,16542.38,12763.87
05.08.2021 12:00:00 +02:00,16795.98,12814.94
05.08.2021 13:00:00 +02:00,17209.17,12598.00
05.08.2021 14:00:00 +02:00,16693.63,12324.30
05.08.2021 15:00:00 +02:00,16628.90,12684.32
05.08.2021 16:00:00 +02:00,16711.91,12585.54
05.08.2021 17:00:00 +02:00,16839.64,12487.08
05.08.2021 18:00:00 +02:00,17241.29,12490.98
05.08.2021 19:00:00 +02:00,16961.09,12424.46
05.08.2021 20:00:00 +02:00,16285.79,12329.20
05.08.2021 21:00:00 +02:00,15945.39,12215.87
05.08.2021 22:00:00 +02:00,15262.77,12143.89
05.08.2021 23:00:00 +02:00,14566.55,11383.66
06.08.2021 00:00:00 +02:00,13744.96,11231.16
06.08.2021 01:00:00 +02:00,12801.04,10956.74
06.08.2021 02:00:00 +02:00,12427.70,10752.76
06.08.2021 03:00:00 +02:00,12324.88,10690.44
06.08.2021 04:00:00 +02:00,12361.67,10724.91
06.08.2021 05:00:00 +02:00,12785.21,10765.02
06.08.2021 06:00:00 +02:00,13421.40,11235.88
06.08.2021 07:00:00 +02:00,14311.47,11901.32
06.08.2021 08:00:00 +02:00,15609.49,12215.97
06.08.2021 09:00:00 +02:00,15713.74,12628.26
06.08.2021 10:00:00 +02:00,15687.57,12694.10
06.08.2021 11:00:00 +02:00,15308.60,12726.63
06.08.2021 12:00:00 +02:00,14810.61,12740.61
06.08.2021 13:00:00 +02:00,13556.07,12624.23
06.08.2021 14:00:00 +02:00,12695.95,12613.52
06.08.2021 15:00:00 +02:00,12792.88,12472.52
06.08.2021 16:00:00 +02:00,13297.32,12386.19
06.08.2021 17:00:00 +02:00,14910.71,12315.25
06.08.2021 18:00:00 +02:00,15720.40,12006.79
06.08.2021 19:00:00 +02:00,15744.85,12140.06
06.08.2021 20:00:00 +02:00,15414.57,11970.93
06.08.2021 21:00:00 +02:00,15307.22,11834.90
06.08.2021 22:00:00 +02:00,15117.88,11743.47
06.08.2021 23:00:00 +02:00,14738.39,11422.94
07.08.2021 00:00:00 +02:00,13488.57,9599.83
07.08.2021 01:00:00 +02:00,11862.15,10845.45
07.08.2021 02:00:00 +02:00,10830.22,10584.69
07.08.2021 03:00:00 +02:00,10918.61,10484.57
07.08.2021 04:00:00 +02:00,11333.62,10411.94
07.08.2021 05:00:00 +02:00,11942.42,10309.01
07.08.2021 06:00:00 +02:00,11769.12,10316.55
07.08.2021 07:00:00 +02:00,12758.25,10588.74
07.08.2021 08:00:00 +02:00,13559.32,11048.20
07.08.2021 09:00:00 +02:00,13394.35,11598.13
07.08.2021 10:00:00 +02:00,12898.62,11891.12
07.08.2021 11:00:00 +02:00,11474.82,11994.96
07.08.2021 12:00:00 +02:00,10723.42,11827.04
07.08.2021 13:00:00 +02:00,10281.35,11326.25
07.08.2021 14:00:00 +02:00,10509.68,11850.14
07.08.2021 15:00:00 +02:00,11542.92,11751.90
07.08.2021 16:00:00 +02:00,12805.74,11778.22
07.08.2021 17:00:00 +02:00,13911.22,11894.48
07.08.2021 18:00:00 +02:00,15323.96,10661.80
07.08.2021 19:00:00 +02:00,15410.94,11581.70
07.08.2021 20:00:00 +02:00,15178.15,1549.12
07.08.2021 21:00:00 +02:00,14435.08,8483.19
07.08.2021 22:00:00 +02:00,13262.43,11469.86
07.08.2021 23:00:00 +02:00,11286.54,11178.60
08.08.2021 00:00:00 +02:00,8851.63,10853.64
08.08.2021 01:00:00 +02:00,7407.22,10631.79
08.08.2021 02:00:00 +02:00,7073.27,10478.08
08.08.2021 03:00:00 +02:00,6610.87,10236.68
08.08.2021 04:00:00 +02:00,6425.88,10273.95
08.08.2021 05:00:00 +02:00,6385.12,10304.66
08.08.2021 06:00:00 +02:00,6308.35,10278.33
08.08.2021 07:00:00 +02:00,6526.28,10393.54
08.08.2021 08:00:00 +02:00,7123.52,10666.95
08.08.2021 09:00:00 +02:00,7633.64,11066.49
08.08.2021 10:00:00 +02:00,7944.33,11356.05
08.08.2021 11:00:00 +02:00,8549.53,11294.62
08.08.2021 12:00:00 +02:00,8416.81,9556.61
08.08.2021 13:00:00 +02:00,8353.53,7456.38
08.08.2021 14:00:00 +02:00,8227.49,8576.86
08.08.2021 15:00:00 +02:00,8166.89,10908.50
08.08.2021 16:00:00 +02:00,8104.69,11581.09
08.08.2021 17:00:00 +02:00,8508.67,11669.16
08.08.2021 18:00:00 +02:00,9142.58,11665.44
08.08.2021 19:00:00 +02:00,10490.98,11695.91
08.08.2021 20:00:00 +02:00,11457.13,11812.16
08.08.2021 21:00:00 +02:00,12420.26,11855.47
08.08.2021 22:00:00 +02:00,11779.81,11780.05
08.08.2021 23:00:00 +02:00,9601.08,11030.36
09.08.2021 00:00:00 +02:00,7982.75,10994.45
09.08.2021 01:00:00 +02:00,7103.50,10753.79
09.08.2021 02:00:00 +02:00,6640.75,10572.33
09.08.2021 03:00:00 +02:00,6888.98,10540.97
09.08.2021 04:00:00 +02:00,7450.88,10449.54
09.08.2021 05:00:00 +02:00,8918.62,10717.01
09.08.2021 06:00:00 +02:00,12847.14,11308.18
09.08.2021 07:00:00 +02:00,15539.36,11962.97
09.08.2021 08:00:00 +02:00,16447.94,12616.11
09.08.2021 09:00:00 +02:00,15940.99,12811.68
09.08.2021 10:00:00 +02:00,15160.18,12930.53
09.08.2021 11:00:00 +02:00,14386.55,9961.70
09.08.2021 12:00:00 +02:00,13332.53,12963.06
09.08.2021 13:00:00 +02:00,12005.30,12928.36
09.08.2021 14:00:00 +02:00,12199.90,8412.30
09.08.2021 15:00:00 +02:00,12662.80,12719.92
09.08.2021 16:00:00 +02:00,13945.86,12670.46
09.08.2021 17:00:00 +02:00,16434.33,12530.88
09.08.2021 18:00:00 +02:00,17417.13,12375.86
09.08.2021 19:00:00 +02:00,17868.13,12305.25
09.08.2021 20:00:00 +02:00,17428.60,12281.85
09.08.2021 21:00:00 +02:00,16857.69,12210.67
09.08.2021 22:00:00 +02:00,15967.84,11973.82
09.08.2021 23:00:00 +02:00,14655.29,11525.09
10.08.2021 00:00:00 +02:00,14207.72,10948.70
10.08.2021 01:00:00 +02:00,14014.01,10706.03
10.08.2021 02:00:00 +02:00,13881.97,10588.78
10.08.2021 03:00:00 +02:00,13134.76,10597.49
10.08.2021 04:00:00 +02:00,13504.43,10079.04
10.08.2021 05:00:00 +02:00,14298.12,10716.55
10.08.2021 06:00:00 +02:00,15597.68,11263.64
10.08.2021 07:00:00 +02:00,16288.67,11892.51
10.08.2021 08:00:00 +02:00,16732.00,12534.83
10.08.2021 09:00:00 +02:00,16747.86,12695.30
10.08.2021 10:00:00 +02:00,16681.84,12369.74
10.08.2021 11:00:00 +02:00,16692.25,12598.01
10.08.2021 12:00:00 +02:00,16385.01,12879.01
10.08.2021 13:00:00 +02:00,16633.10,13014.07
10.08.2021 14:00:00 +02:00,16971.03,12971.76
10.08.2021 15:00:00 +02:00,16902.02,12882.77
10.08.2021 16:00:00 +02:00,16792.01,12917.21
10.08.2021 17:00:00 +02:00,16935.42,12761.40
10.08.2021 18:00:00 +02:00,17086.86,12616.26
10.08.2021 19:00:00 +02:00,17064.01,12495.54
10.08.2021 20:00:00 +02:00,16650.74,12418.25
10.08.2021 21:00:00 +02:00,16809.79,12343.02
10.08.2021 22:00:00 +02:00,16556.48,12269.41
10.08.2021 23:00:00 +02:00,15473.93,11610.93
11.08.2021 00:00:00 +02:00,14921.81,11263.37
11.08.2021 01:00:00 +02:00,14638.34,10989.14
11.08.2021 02:00:00 +02:00,14514.31,10793.33
11.08.2021 03:00:00 +02:00,14531.81,10703.78
11.08.2021 04:00:00 +02:00,14562.50,10722.71
11.08.2021 05:00:00 +02:00,15242.23,10806.64
11.08.2021 06:00:00 +02:00,16287.86,11413.75
11.08.2021 07:00:00 +02:00,16716.95,12333.89
11.08.2021 08:00:00 +02:00,17071.38,12704.38
11.08.2021 09:00:00 +02:00,17151.38,12877.08
11.08.2021 10:00:00 +02:00,17025.53,13001.28
11.08.2021 11:00:00 +02:00,17086.87,12966.19
11.08.2021 12:00:00 +02:00,17013.89,12914.02
11.08.2021 13:00:00 +02:00,17312.70,12892.42
11.08.2021 14:00:00 +02:00,17066.31,12496.21
11.08.2021 15:00:00 +02:00,16926.94,12858.82
11.08.2021 16:00:00 +02:00,16895.05,12888.93
11.08.2021 17:00:00 +02:00,17375.61,12735.74
11.08.2021 18:00:00 +02:00,17294.19,12624.49
11.08.2021 19:00:00 +02:00,17372.47,12559.57
11.08.2021 20:00:00 +02:00,17091.22,12493.05
11.08.2021 21:00:00 +02:00,17055.55,12470.78
11.08.2021 22:00:00 +02:00,16858.34,12335.47
11.08.2021 23:00:00 +02:00,15745.35,11763.30
12.08.2021 00:00:00 +02:00,15234.61,11089.33
12.08.2021 01:00:00 +02:00,14923.15,10920.40
12.08.2021 02:00:00 +02:00,14649.05,10734.37
12.08.2021 03:00:00 +02:00,14578.07,10658.14
12.08.2021 04:00:00 +02:00,14887.39,10664.57
12.08.2021 05:00:00 +02:00,15481.17,10767.30
12.08.2021 06:00:00 +02:00,15938.47,11382.50
12.08.2021 07:00:00 +02:00,16441.61,12298.80
12.08.2021 08:00:00 +02:00,16916.30,12779.70
12.08.2021 09:00:00 +02:00,17054.20,12954.16
12.08.2021 10:00:00 +02:00,17002.33,12464.52
12.08.2021 11:00:00 +02:00,16918.03,12742.74
12.08.2021 12:00:00 +02:00,17113.10,11319.89
12.08.2021 13:00:00 +02:00,16706.10,12983.98
12.08.2021 14:00:00 +02:00,17234.16,12951.24
12.08.2021 15:00:00 +02:00,17322.58,12940.68
12.08.2021 16:00:00 +02:00,17297.34,12919.80
12.08.2021 17:00:00 +02:00,17330.42,12797.68
12.08.2021 18:00:00 +02:00,17233.66,12681.57
12.08.2021 19:00:00 +02:00,17219.89,12580.54
12.08.2021 20:00:00 +02:00,17059.20,12525.87
12.08.2021 21:00:00 +02:00,17534.59,12490.47
12.08.2021 22:00:00 +02:00,17179.90,12338.71
12.08.2021 23:00:00 +02:00,16169.59,11833.46
13.08.2021 00:00:00 +02:00,15355.31,11304.74
13.08.2021 01:00:00 +02:00,15262.30,11008.79
13.08.2021 02:00:00 +02:00,15021.34,10811.28
13.08.2021 03:00:00 +02:00,14742.26,10689.31
13.08.2021 04:00:00 +02:00,14846.46,10704.35
13.08.2021 05:00:00 +02:00,15256.49,10842.23
13.08.2021 06:00:00 +02:00,15047.91,11406.53
13.08.2021 07:00:00 +02:00,15683.68,12285.73
13.08.2021 08:00:00 +02:00,16126.64,12765.29
13.08.2021 09:00:00 +02:00,16069.85,12979.43
13.08.2021 10:00:00 +02:00,16125.94,13083.59
13.08.2021 11:00:00 +02:00,16159.14,13148.23
13.08.2021 12:00:00 +02:00,15522.42,12968.68
13.08.2021 13:00:00 +02:00,14701.58,12986.76
13.08.2021 14:00:00 +02:00,14133.23,12891.28
13.08.2021 15:00:00 +02:00,14539.51,12811.23
13.08.2021 16:00:00 +02:00,15090.97,12796.76
13.08.2021 17:00:00 +02:00,15736.06,12732.32
13.08.2021 18:00:00 +02:00,15544.77,12623.21
13.08.2021 19:00:00 +02:00,15384.69,12562.18
13.08.2021 20:00:00 +02:00,14854.87,12409.93
13.08.2021 21:00:00 +02:00,15131.29,11852.06
13.08.2021 22:00:00 +02:00,14928.02,12014.57
13.08.2021 23:00:00 +02:00,14398.31,10475.50
14.08.2021 00:00:00 +02:00,13718.31,11260.51
14.08.2021 01:00:00 +02:00,12827.65,11066.18
14.08.2021 02:00:00 +02:00,12178.60,10879.98
14.08.2021 03:00:00 +02:00,11517.79,10804.61
14.08.2021 04:00:00 +02:00,11268.71,10767.34
14.08.2021 05:00:00 +02:00,11364.89,10700.58
14.08.2021 06:00:00 +02:00,11267.87,10795.89
14.08.2021 07:00:00 +02:00,12213.85,11078.68
14.08.2021 08:00:00 +02:00,12781.62,11167.52
14.08.2021 09:00:00 +02:00,12310.32,12064.12
14.08.2021 10:00:00 +02:00,10882.33,12346.56
14.08.2021 11:00:00 +02:00,9526.32,12467.28
14.08.2021 12:00:00 +02:00,8851.67,12412.15
14.08.2021 13:00:00 +02:00,8543.13,12439.46
14.08.2021 14:00:00 +02:00,8351.66,12340.94
14.08.2021 15:00:00 +02:00,8540.37,12225.63
14.08.2021 16:00:00 +02:00,9632.56,12276.96
14.08.2021 17:00:00 +02:00,11194.85,12338.04
14.08.2021 18:00:00 +02:00,12627.40,12333.74
14.08.2021 19:00:00 +02:00,13461.51,12222.43
14.08.2021 20:00:00 +02:00,14225.11,12093.43
14.08.2021 21:00:00 +02:00,14753.14,12064.22
14.08.2021 22:00:00 +02:00,14188.81,11104.48
14.08.2021 23:00:00 +02:00,13910.72,11405.20
15.08.2021 00:00:00 +02:00,13473.53,9038.29
15.08.2021 01:00:00 +02:00,12862.57,10178.56
15.08.2021 02:00:00 +02:00,12021.03,10774.34
15.08.2021 03:00:00 +02:00,10805.85,10845.38
15.08.2021 04:00:00 +02:00,9990.71,10830.49
15.08.2021 05:00:00 +02:00,9892.76,10794.69
15.08.2021 06:00:00 +02:00,9587.07,10768.75
15.08.2021 07:00:00 +02:00,9381.35,10968.92
15.08.2021 08:00:00 +02:00,9314.68,11324.59
15.08.2021 09:00:00 +02:00,9046.00,11723.07
15.08.2021 10:00:00 +02:00,8677.34,12025.12
15.08.2021 11:00:00 +02:00,8812.38,12158.73
15.08.2021 12:00:00 +02:00,8637.24,12162.42
15.08.2021 13:00:00 +02:00,8430.55,12219.32
15.08.2021 14:00:00 +02:00,8578.89,12203.64
15.08.2021 15:00:00 +02:00,9176.61,12241.07
15.08.2021 16:00:00 +02:00,9918.04,12330.28
15.08.2021 17:00:00 +02:00,11458.15,12336.43
15.08.2021 18:00:00 +02:00,13314.19,12425.68
15.08.2021 19:00:00 +02:00,14561.98,12505.26
15.08.2021 20:00:00 +02:00,15669.38,12560.04
15.08.2021 21:00:00 +02:00,15903.45,12606.81
15.08.2021 22:00:00 +02:00,15518.16,12234.21
15.08.2021 23:00:00 +02:00,13542.99,11977.90
16.08.2021 00:00:00 +02:00,12498.86,11547.36
16.08.2021 01:00:00 +02:00,11534.13,11050.44
16.08.2021 02:00:00 +02:00,10552.03,11106.55
16.08.2021 03:00:00 +02:00,10252.98,11102.78
16.08.2021 04:00:00 +02:00,11013.42,11166.54
16.08.2021 05:00:00 +02:00,12831.67,11385.81
16.08.2021 06:00:00 +02:00,14889.09,12092.97
16.08.2021 07:00:00 +02:00,16122.20,13114.28
16.08.2021 08:00:00 +02:00,16693.19,13506.75
16.08.2021 09:00:00 +02:00,16610.02,13414.68
16.08.2021 10:00:00 +02:00,16177.00,13404.69
16.08.2021 11:00:00 +02:00,15623.12,13312.11
16.08.2021 12:00:00 +02:00,14956.76,13279.69
16.08.2021 13:00:00 +02:00,14083.22,13185.94
16.08.2021 14:00:00 +02:00,13190.55,13176.43
16.08.2021 15:00:00 +02:00,12790.55,13160.34
16.08.2021 16:00:00 +02:00,12823.36,13165.58
16.08.2021 17:00:00 +02:00,14196.94,13053.88
16.08.2021 18:00:00 +02:00,14818.14,12902.97
16.08.2021 19:00:00 +02:00,15368.81,12857.07
16.08.2021 20:00:00 +02:00,15187.37,12867.01
16.08.2021 21:00:00 +02:00,14935.37,13000.97
16.08.2021 22:00:00 +02:00,13475.34,12269.58
16.08.2021 23:00:00 +02:00,11590.12,10935.74
17.08.2021 00:00:00 +02:00,10221.69,11549.71
17.08.2021 01:00:00 +02:00,9352.16,11257.64
17.08.2021 02:00:00 +02:00,8303.00,11072.33
17.08.2021 03:00:00 +02:00,7878.67,11028.85
17.08.2021 04:00:00 +02:00,7950.90,11040.07
17.08.2021 05:00:00 +02:00,9070.07,11206.38
17.08.2021 06:00:00 +02:00,11240.87,11905.96
17.08.2021 07:00:00 +02:00,13297.86,12884.73
17.08.2021 08:00:00 +02:00,14043.07,11561.12
17.08.2021 09:00:00 +02:00,13670.25,11327.24
17.08.2021 10:00:00 +02:00,13224.97,12394.64
17.08.2021 11:00:00 +02:00,13189.79,13254.31
17.08.2021 12:00:00 +02:00,12428.66,12104.28
17.08.2021 13:00:00 +02:00,11931.26,11707.57
17.08.2021 14:00:00 +02:00,11872.56,11926.29
17.08.2021 15:00:00 +02:00,12709.96,12165.01
17.08.2021 16:00:00 +02:00,13603.50,12602.81
17.08.2021 17:00:00 +02:00,14501.64,13160.08
17.08.2021 18:00:00 +02:00,15045.07,13017.38
17.08.2021 19:00:00 +02:00,15249.34,13012.97
17.08.2021 20:00:00 +02:00,15439.03,12968.30
17.08.2021 21:00:00 +02:00,15264.99,13020.07
17.08.2021 22:00:00 +02:00,14290.61,12810.75
17.08.2021 23:00:00 +02:00,12824.79,11375.63
18.08.2021 00:00:00 +02:00,11079.65,11634.31
18.08.2021 01:00:00 +02:00,10246.13,11308.22
18.08.2021 02:00:00 +02:00,9580.02,11158.97
18.08.2021 03:00:00 +02:00,9897.52,11092.99
18.08.2021 04:00:00 +02:00,10173.18,11085.87
18.08.2021 05:00:00 +02:00,11543.13,11195.37
18.08.2021 06:00:00 +02:00,13168.06,11918.99
18.08.2021 07:00:00 +02:00,14652.63,12905.19
18.08.2021 08:00:00 +02:00,15179.63,13116.05
18.08.2021 09:00:00 +02:00,14868.30,13111.17
18.08.2021 10:00:00 +02:00,15251.70,13215.60
18.08.2021 11:00:00 +02:00,15163.50,13195.05
18.08.2021 12:00:00 +02:00,14961.33,13251.83
18.08.2021 13:00:00 +02:00,14622.04,13253.75
18.08.2021 14:00:00 +02:00,14355.47,13250.29
18.08.2021 15:00:00 +02:00,14315.49,13310.83
18.08.2021 16:00:00 +02:00,14571.90,9601.18
18.08.2021 17:00:00 +02:00,15563.32,12217.74
18.08.2021 18:00:00 +02:00,16303.94,13208.12
18.08.2021 19:00:00 +02:00,16301.26,13142.90
18.08.2021 20:00:00 +02:00,16205.92,13121.79
18.08.2021 21:00:00 +02:00,16185.00,13169.10
18.08.2021 22:00:00 +02:00,15168.26,12178.85
18.08.2021 23:00:00 +02:00,13896.60,10990.94
19.08.2021 00:00:00 +02:00,12640.24,8360.27
19.08.2021 01:00:00 +02:00,11936.39,10962.63
19.08.2021 02:00:00 +02:00,11100.11,10304.79
19.08.2021 03:00:00 +02:00,11036.10,9730.76
19.08.2021 04:00:00 +02:00,12003.41,10712.81
19.08.2021 05:00:00 +02:00,12938.93,11298.85
19.08.2021 06:00:00 +02:00,14692.66,10821.93
19.08.2021 07:00:00 +02:00,16378.52,13289.26
19.08.2021 08:00:00 +02:00,16641.88,13591.48
19.08.2021 09:00:00 +02:00,16137.27,13582.72
19.08.2021 10:00:00 +02:00,16044.38,13110.97
19.08.2021 11:00:00 +02:00,15853.24,13166.39
19.08.2021 12:00:00 +02:00,16031.83,13426.64
19.08.2021 13:00:00 +02:00,16008.96,13428.63
19.08.2021 14:00:00 +02:00,15971.25,13417.00
19.08.2021 15:00:00 +02:00,15941.23,13457.42
19.08.2021 16:00:00 +02:00,16815.54,13503.56
19.08.2021 17:00:00 +02:00,17165.97,13356.38
19.08.2021 18:00:00 +02:00,17222.64,13223.56
19.08.2021 19:00:00 +02:00,17340.37,13187.56
19.08.2021 20:00:00 +02:00,17046.52,13153.63
19.08.2021 21:00:00 +02:00,16936.06,13217.67
19.08.2021 22:00:00 +02:00,16463.02,12927.35
19.08.2021 23:00:00 +02:00,15847.78,12381.56
20.08.2021 00:00:00 +02:00,15257.93,11824.14
20.08.2021 01:00:00 +02:00,15109.03,11293.96
20.08.2021 02:00:00 +02:00,14992.34,11342.72
20.08.2021 03:00:00 +02:00,15256.52,11276.54
20.08.2021 04:00:00 +02:00,15344.79,11390.36
20.08.2021 05:00:00 +02:00,15234.45,11603.92
20.08.2021 06:00:00 +02:00,15835.11,12336.92
20.08.2021 07:00:00 +02:00,16878.33,13409.64
20.08.2021 08:00:00 +02:00,17472.53,13724.71
20.08.2021 09:00:00 +02:00,17592.73,13683.46
20.08.2021 10:00:00 +02:00,17593.79,13624.29
20.08.2021 11:00:00 +02:00,17495.92,13615.67
20.08.2021 12:00:00 +02:00,17197.51,13067.74
20.08.2021 13:00:00 +02:00,16888.48,13440.93
20.08.2021 14:00:00 +02:00,16802.06,13163.35
20.08.2021 15:00:00 +02:00,16586.73,13289.60
20.08.2021 16:00:00 +02:00,16273.05,13250.75
20.08.2021 17:00:00 +02:00,16350.94,13108.28
20.08.2021 18:00:00 +02:00,16242.10,13011.40
20.08.2021 19:00:00 +02:00,16075.01,12918.45
20.08.2021 20:00:00 +02:00,15837.82,12844.50
20.08.2021 21:00:00 +02:00,15689.24,12620.11
20.08.2021 22:00:00 +02:00,15299.08,12517.46
20.08.2021 23:00:00 +02:00,14526.54,12061.92
21.08.2021 00:00:00 +02:00,14341.76,11769.67
21.08.2021 01:00:00 +02:00,14430.37,11473.65
21.08.2021 02:00:00 +02:00,14415.48,11372.01
21.08.2021 03:00:00 +02:00,14595.81,11328.38
21.08.2021 04:00:00 +02:00,14589.96,11348.12
21.08.2021 05:00:00 +02:00,14396.39,11335.00
21.08.2021 06:00:00 +02:00,14453.59,11453.10
21.08.2021 07:00:00 +02:00,14874.34,11778.07
21.08.2021 08:00:00 +02:00,15347.96,12193.56
21.08.2021 09:00:00 +02:00,15708.77,12594.16
21.08.2021 10:00:00 +02:00,15540.11,12820.48
21.08.2021 11:00:00 +02:00,14857.63,12765.03
21.08.2021 12:00:00 +02:00,14668.72,12606.16
21.08.2021 13:00:00 +02:00,14302.96,12501.61
21.08.2021 14:00:00 +02:00,14265.03,12342.38
21.08.2021 15:00:00 +02:00,14659.16,12261.55
21.08.2021 16:00:00 +02:00,15020.98,12344.55
21.08.2021 17:00:00 +02:00,15855.97,12379.57
21.08.2021 18:00:00 +02:00,15972.09,12393.59
21.08.2021 19:00:00 +02:00,15850.49,12392.31
21.08.2021 20:00:00 +02:00,15749.42,12285.59
21.08.2021 21:00:00 +02:00,15692.93,12117.29
21.08.2021 22:00:00 +02:00,15205.85,11933.74
21.08.2021 23:00:00 +02:00,14835.40,11647.06
22.08.2021 00:00:00 +02:00,14603.08,11529.36
22.08.2021 01:00:00 +02:00,13243.26,11325.27
22.08.2021 02:00:00 +02:00,12418.35,10808.36
22.08.2021 03:00:00 +02:00,11435.36,11103.81
22.08.2021 04:00:00 +02:00,11083.12,11080.37
22.08.2021 05:00:00 +02:00,10702.90,11109.94
22.08.2021 06:00:00 +02:00,10606.68,11095.59
22.08.2021 07:00:00 +02:00,11175.88,11255.25
22.08.2021 08:00:00 +02:00,12213.89,11573.96
22.08.2021 09:00:00 +02:00,13093.32,11972.63
22.08.2021 10:00:00 +02:00,13212.72,12219.23
22.08.2021 11:00:00 +02:00,13300.09,12252.56
22.08.2021 12:00:00 +02:00,12991.09,12220.63
22.08.2021 13:00:00 +02:00,12633.17,12147.97
22.08.2021 14:00:00 +02:00,12075.91,10114.19
22.08.2021 15:00:00 +02:00,11996.77,11985.38
22.08.2021 16:00:00 +02:00,12919.81,10530.99
22.08.2021 17:00:00 +02:00,13671.69,12251.16
22.08.2021 18:00:00 +02:00,15144.16,12158.29
22.08.2021 19:00:00 +02:00,15935.58,12527.57
22.08.2021 20:00:00 +02:00,16103.43,12651.32
22.08.2021 21:00:00 +02:00,16105.62,12604.34
22.08.2021 22:00:00 +02:00,15784.03,12611.97
22.08.2021 23:00:00 +02:00,14995.81,12133.58
23.08.2021 00:00:00 +02:00,13213.22,11417.23
23.08.2021 01:00:00 +02:00,13041.80,11350.86
23.08.2021 02:00:00 +02:00,13264.33,11247.42
23.08.2021 03:00:00 +02:00,13223.82,11302.72
23.08.2021 04:00:00 +02:00,13587.49,11401.99
23.08.2021 05:00:00 +02:00,13732.89,11578.43
23.08.2021 06:00:00 +02:00,15095.59,12450.16
23.08.2021 07:00:00 +02:00,15898.92,13548.46
23.08.2021 08:00:00 +02:00,16177.27,13924.04
23.08.2021 09:00:00 +02:00,16140.31,13842.97
23.08.2021 10:00:00 +02:00,15870.05,13690.97
23.08.2021 11:00:00 +02:00,16004.39,13511.19
23.08.2021 12:00:00 +02:00,15759.41,13380.69
23.08.2021 13:00:00 +02:00,15713.40,13319.34
23.08.2021 14:00:00 +02:00,15731.80,13410.54
23.08.2021 15:00:00 +02:00,15655.21,13408.36
23.08.2021 16:00:00 +02:00,15766.51,13497.35
23.08.2021 17:00:00 +02:00,16169.89,13329.92
23.08.2021 18:00:00 +02:00,16404.05,13187.92
23.08.2021 19:00:00 +02:00,16514.65,13132.46
23.08.2021 20:00:00 +02:00,16330.72,13160.00
23.08.2021 21:00:00 +02:00,16467.76,13322.78
23.08.2021 22:00:00 +02:00,15787.13,12972.45
23.08.2021 23:00:00 +02:00,14600.71,12308.83
24.08.2021 00:00:00 +02:00,14017.40,11562.81
24.08.2021 01:00:00 +02:00,13898.60,11337.82
24.08.2021 02:00:00 +02:00,13851.85,11240.71
24.08.2021 03:00:00 +02:00,13977.75,11233.44
24.08.2021 04:00:00 +02:00,14223.19,11303.50
24.08.2021 05:00:00 +02:00,14923.10,11524.30
24.08.2021 06:00:00 +02:00,15811.67,12198.81
24.08.2021 07:00:00 +02:00,16584.53,13329.68
24.08.2021 08:00:00 +02:00,16664.08,13694.64
24.08.2021 09:00:00 +02:00,16652.33,13709.29
24.08.2021 10:00:00 +02:00,16715.83,13217.62
24.08.2021 11:00:00 +02:00,16733.54,13624.24
24.08.2021 12:00:00 +02:00,16771.98,13583.12
24.08.2021 13:00:00 +02:00,16080.37,13545.27
24.08.2021 14:00:00 +02:00,15782.70,13531.26
24.08.2021 15:00:00 +02:00,15939.31,13640.36
24.08.2021 16:00:00 +02:00,16522.37,13735.96
24.08.2021 17:00:00 +02:00,16694.27,13567.29
24.08.2021 18:00:00 +02:00,16304.77,13399.20
24.08.2021 19:00:00 +02:00,16161.96,13374.46
24.08.2021 20:00:00 +02:00,15830.74,13378.42
24.08.2021 21:00:00 +02:00,15529.97,13295.77
24.08.2021 22:00:00 +02:00,15200.11,12849.51
24.08.2021 23:00:00 +02:00,14255.91,12221.90
25.08.2021 00:00:00 +02:00,13111.78,11672.02
25.08.2021 01:00:00 +02:00,13035.76,11356.48
25.08.2021 02:00:00 +02:00,12833.36,11170.62
25.08.2021 03:00:00 +02:00,12330.87,11119.52
25.08.2021 04:00:00 +02:00,11881.44,11144.52
25.08.2021 05:00:00 +02:00,12623.59,11328.49
25.08.2021 06:00:00 +02:00,13957.32,12075.94
25.08.2021 07:00:00 +02:00,15172.91,13137.92
25.08.2021 08:00:00 +02:00,15607.35,13248.01
25.08.2021 09:00:00 +02:00,15637.42,13448.90
25.08.2021 10:00:00 +02:00,15062.79,13485.89
25.08.2021 11:00:00 +02:00,14546.50,13436.45
25.08.2021 12:00:00 +02:00,13669.45,13304.30
25.08.2021 13:00:00 +02:00,12904.43,13295.77
25.08.2021 14:00:00 +02:00,11937.01,13354.17
25.08.2021 15:00:00 +02:00,12207.79,13445.89
25.08.2021 16:00:00 +02:00,12732.27,13467.57
25.08.2021 17:00:00 +02:00,13977.18,13296.67
25.08.2021 18:00:00 +02:00,14798.84,13107.93
25.08.2021 19:00:00 +02:00,14946.20,13082.22
25.08.2021 20:00:00 +02:00,14672.46,13147.26
25.08.2021 21:00:00 +02:00,14444.76,13260.44
25.08.2021 22:00:00 +02:00,13735.23,12885.21
25.08.2021 23:00:00 +02:00,11940.18,12285.27
26.08.2021 00:00:00 +02:00,10628.04,11728.48
26.08.2021 01:00:00 +02:00,9881.19,11431.21
26.08.2021 02:00:00 +02:00,9437.88,11246.75
26.08.2021 03:00:00 +02:00,9582.14,11194.03
26.08.2021 04:00:00 +02:00,10869.29,11280.14
26.08.2021 05:00:00 +02:00,12093.05,11512.04
26.08.2021 06:00:00 +02:00,13533.00,12296.59
26.08.2021 07:00:00 +02:00,14698.59,13346.55
26.08.2021 08:00:00 +02:00,15330.32,13650.99
26.08.2021 09:00:00 +02:00,15408.91,13597.38
26.08.2021 10:00:00 +02:00,15234.32,12857.33
26.08.2021 11:00:00 +02:00,15286.87,13397.16
26.08.2021 12:00:00 +02:00,14554.57,13272.20
26.08.2021 13:00:00 +02:00,14261.01,13245.12
26.08.2021 14:00:00 +02:00,13863.56,13250.13
26.08.2021 15:00:00 +02:00,13387.57,13289.01
26.08.2021 16:00:00 +02:00,13717.92,13406.28
26.08.2021 17:00:00 +02:00,14556.59,13315.98
26.08.2021 18:00:00 +02:00,14923.57,13243.34
26.08.2021 19:00:00 +02:00,14525.09,13146.78
26.08.2021 20:00:00 +02:00,14627.80,13119.59
26.08.2021 21:00:00 +02:00,14399.94,13235.11
26.08.2021 22:00:00 +02:00,13907.61,12891.23
26.08.2021 23:00:00 +02:00,12623.96,12260.23
27.08.2021 00:00:00 +02:00,12380.15,11686.35
27.08.2021 01:00:00 +02:00,12164.23,11380.25
27.08.2021 02:00:00 +02:00,12207.24,11219.83
27.08.2021 03:00:00 +02:00,11952.58,11181.64
27.08.2021 04:00:00 +02:00,11984.25,11241.14
27.08.2021 05:00:00 +02:00,12680.43,11483.98
27.08.2021 06:00:00 +02:00,13870.26,12218.71
27.08.2021 07:00:00 +02:00,15253.52,13251.05
27.08.2021 08:00:00 +02:00,16194.08,13608.18
27.08.2021 09:00:00 +02:00,16375.70,13565.66
27.08.2021 10:00:00 +02:00,16099.37,13437.07
27.08.2021 11:00:00 +02:00,15933.63,13292.85
27.08.2021 12:00:00 +02:00,15670.60,13243.79
27.08.2021 13:00:00 +02:00,15127.84,13172.75
27.08.2021 14:00:00 +02:00,14502.17,13172.75
27.08.2021 15:00:00 +02:00,14349.48,13058.71
27.08.2021 16:00:00 +02:00,14638.81,13052.71
27.08.2021 17:00:00 +02:00,15259.90,12913.03
27.08.2021 18:00:00 +02:00,15450.18,12834.59
27.08.2021 19:00:00 +02:00,15135.72,12756.85
27.08.2021 20:00:00 +02:00,15112.22,12665.62
27.08.2021 21:00:00 +02:00,15020.92,12643.46
27.08.2021 22:00:00 +02:00,14688.01,12312.08
27.08.2021 23:00:00 +02:00,13898.03,11875.02
28.08.2021 00:00:00 +02:00,13110.58,11463.07
28.08.2021 01:00:00 +02:00,11891.61,11265.50
28.08.2021 02:00:00 +02:00,11502.53,11097.78
28.08.2021 03:00:00 +02:00,11351.23,11033.73
28.08.2021 04:00:00 +02:00,11337.83,11042.63
28.08.2021 05:00:00 +02:00,11234.44,11044.27
28.08.2021 06:00:00 +02:00,11005.84,11096.16
28.08.2021 07:00:00 +02:00,11812.12,11448.16
28.08.2021 08:00:00 +02:00,13279.01,11868.97
28.08.2021 09:00:00 +02:00,14072.05,12380.03
28.08.2021 10:00:00 +02:00,13559.37,12615.81
28.08.2021 11:00:00 +02:00,13116.26,12578.18
28.08.2021 12:00:00 +02:00,12646.80,12439.61
28.08.2021 13:00:00 +02:00,11801.42,12311.33
28.08.2021 14:00:00 +02:00,11291.26,12172.61
28.08.2021 15:00:00 +02:00,11666.90,12093.37
28.08.2021 16:00:00 +02:00,12295.23,12097.19
28.08.2021 17:00:00 +02:00,13267.06,12186.56
28.08.2021 18:00:00 +02:00,14237.06,12252.17
28.08.2021 19:00:00 +02:00,14699.04,12227.82
28.08.2021 20:00:00 +02:00,14486.41,12151.49
28.08.2021 21:00:00 +02:00,14527.43,12172.58
28.08.2021 22:00:00 +02:00,14239.53,11901.93
28.08.2021 23:00:00 +02:00,12952.82,11606.40
29.08.2021 00:00:00 +02:00,11768.78,11301.37
29.08.2021 01:00:00 +02:00,10567.80,11078.02
29.08.2021 02:00:00 +02:00,9589.43,10927.35
29.08.2021 03:00:00 +02:00,8841.20,10850.48
29.08.2021 04:00:00 +02:00,8494.72,10931.81
29.08.2021 05:00:00 +02:00,8645.37,10949.08
29.08.2021 06:00:00 +02:00,8869.60,10997.55
29.08.2021 07:00:00 +02:00,9642.41,11175.63
29.08.2021 08:00:00 +02:00,10663.20,11488.96
29.08.2021 09:00:00 +02:00,11632.67,11871.12
29.08.2021 10:00:00 +02:00,11945.88,12084.70
29.08.2021 11:00:00 +02:00,12101.99,12125.77
29.08.2021 12:00:00 +02:00,11945.54,12075.14
29.08.2021 13:00:00 +02:00,11179.43,11998.83
29.08.2021 14:00:00 +02:00,10465.51,11974.60
29.08.2021 15:00:00 +02:00,10941.55,11981.80
29.08.2021 16:00:00 +02:00,11702.99,12032.17
29.08.2021 17:00:00 +02:00,12830.92,12100.98
29.08.2021 18:00:00 +02:00,13788.32,12203.21
29.08.2021 19:00:00 +02:00,14520.10,12296.88
29.08.2021 20:00:00 +02:00,14820.40,12463.59
29.08.2021 21:00:00 +02:00,14608.07,12569.50
29.08.2021 22:00:00 +02:00,13338.03,12249.10
29.08.2021 23:00:00 +02:00,12542.70,11711.24
30.08.2021 00:00:00 +02:00,11152.52,11275.01
30.08.2021 01:00:00 +02:00,10468.65,10961.51
30.08.2021 02:00:00 +02:00,10144.29,10887.11
30.08.2021 03:00:00 +02:00,10018.16,10822.46
30.08.2021 04:00:00 +02:00,10634.35,10861.49
30.08.2021 05:00:00 +02:00,11992.51,11154.73
30.08.2021 06:00:00 +02:00,14007.99,11969.14
30.08.2021 07:00:00 +02:00,16331.26,13055.56
30.08.2021 08:00:00 +02:00,17063.80,13346.38
30.08.2021 09:00:00 +02:00,17075.18,13387.98
30.08.2021 10:00:00 +02:00,16950.11,13378.04
30.08.2021 11:00:00 +02:00,16813.72,13401.18
30.08.2021 12:00:00 +02:00,16296.52,13341.52
30.08.2021 13:00:00 +02:00,16027.17,13342.69
30.08.2021 14:00:00 +02:00,15751.01,13352.64
30.08.2021 15:00:00 +02:00,15543.40,13306.33
30.08.2021 16:00:00 +02:00,15575.96,13333.19
30.08.2021 17:00:00 +02:00,16162.41,13148.35
30.08.2021 18:00:00 +02:00,16491.18,12988.74
30.08.2021 19:00:00 +02:00,16223.75,12958.10
30.08.2021 20:00:00 +02:00,16139.09,13024.41
30.08.2021 21:00:00 +02:00,15505.03,13082.69
30.08.2021 22:00:00 +02:00,14941.02,12602.79
30.08.2021 23:00:00 +02:00,13569.84,11958.55
31.08.2021 00:00:00 +02:00,12208.40,11434.14
31.08.2021 01:00:00 +02:00,11497.17,11141.04
31.08.2021 02:00:00 +02:00,11382.26,10916.01
31.08.2021 03:00:00 +02:00,11077.91,10873.31
31.08.2021 04:00:00 +02:00,11147.54,10926.37
31.08.2021 05:00:00 +02:00,11705.64,11133.10
31.08.2021 06:00:00 +02:00,13705.60,11982.27
31.08.2021 07:00:00 +02:00,15669.39,13006.44
31.08.2021 08:00:00 +02:00,16041.75,13375.23
31.08.2021 09:00:00 +02:00,15902.17,13390.56
31.08.2021 10:00:00 +02:00,15534.80,12919.81
31.08.2021 11:00:00 +02:00,15311.97,13300.13
31.08.2021 12:00:00 +02:00,14782.55,13316.80
31.08.2021 13:00:00 +02:00,13883.55,13158.72
31.08.2021 14:00:00 +02:00,13441.57,12729.94
31.08.2021 15:00:00 +02:00,13519.64,13199.19
31.08.2021 16:00:00 +02:00,13782.59,13257.42
31.08.2021 17:00:00 +02:00,14617.45,13033.06
31.08.2021 18:00:00 +02:00,15545.58,12863.00
31.08.2021 19:00:00 +02:00,16108.91,12824.15
31.08.2021 20:00:00 +02:00,16202.27,12971.42
31.08.2021 21:00:00 +02:00,15416.63,13002.38
31.08.2021 22:00:00 +02:00,14364.63,12564.25
31.08.2021 23:00:00 +02:00,13061.44,11939.02
01.09.2021 00:00:00 +02:00,11332.83,11370.15
01.09.2021 01:00:00 +02:00,11287.69,11056.21
01.09.2021 02:00:00 +02:00,11368.02,10945.35
01.09.2021 03:00:00 +02:00,11198.94,10927.81
01.09.2021 04:00:00 +02:00,11863.83,10700.95
01.09.2021 05:00:00 +02:00,13030.94,11154.15
01.09.2021 06:00:00 +02:00,14805.30,12050.00
01.09.2021 07:00:00 +02:00,16325.07,13148.09
01.09.2021 08:00:00 +02:00,16616.18,13470.27
01.09.2021 09:00:00 +02:00,16422.73,13450.05
01.09.2021 10:00:00 +02:00,15580.71,13325.40
01.09.2021 11:00:00 +02:00,15100.35,13209.17
01.09.2021 12:00:00 +02:00,14346.27,13110.52
01.09.2021 13:00:00 +02:00,13429.45,13170.96
01.09.2021 14:00:00 +02:00,13062.78,13181.68
01.09.2021 15:00:00 +02:00,13433.50,13255.26
01.09.2021 16:00:00 +02:00,14047.44,13274.73
01.09.2021 17:00:00 +02:00,14849.03,13111.45
01.09.2021 18:00:00 +02:00,15162.79,13009.71
01.09.2021 19:00:00 +02:00,14914.90,12984.63
01.09.2021 20:00:00 +02:00,14868.18,13099.86
01.09.2021 21:00:00 +02:00,14738.21,13034.56
01.09.2021 22:00:00 +02:00,13932.32,12623.67
01.09.2021 23:00:00 +02:00,13432.89,12095.59
02.09.2021 00:00:00 +02:00,12899.29,11370.26
02.09.2021 01:00:00 +02:00,12438.37,11243.74
02.09.2021 02:00:00 +02:00,11936.80,11085.42
02.09.2021 03:00:00 +02:00,12128.96,11004.06
02.09.2021 04:00:00 +02:00,12717.93,11050.16
02.09.2021 05:00:00 +02:00,13913.72,11324.16
02.09.2021 06:00:00 +02:00,15780.84,12142.32
02.09.2021 07:00:00 +02:00,17020.97,13221.76
02.09.2021 08:00:00 +02:00,17386.74,13517.44
02.09.2021 09:00:00 +02:00,17160.11,13417.06
02.09.2021 10:00:00 +02:00,16819.74,12993.68
02.09.2021 11:00:00 +02:00,16090.88,12856.92
02.09.2021 12:00:00 +02:00,16291.89,13323.79
02.09.2021 13:00:00 +02:00,15745.50,13308.69
02.09.2021 14:00:00 +02:00,14743.86,13325.88
02.09.2021 15:00:00 +02:00,14933.78,13319.26
02.09.2021 16:00:00 +02:00,15110.77,13331.14
02.09.2021 17:00:00 +02:00,15591.41,12686.52
02.09.2021 18:00:00 +02:00,16220.43,13077.19
02.09.2021 19:00:00 +02:00,16457.24,13070.51
02.09.2021 20:00:00 +02:00,16360.39,13199.64
02.09.2021 21:00:00 +02:00,16315.19,13181.38
02.09.2021 22:00:00 +02:00,15715.58,12735.00
02.09.2021 23:00:00 +02:00,15125.53,12070.26
03.09.2021 00:00:00 +02:00,14064.06,11592.39
03.09.2021 01:00:00 +02:00,13177.13,11304.65
03.09.2021 02:00:00 +02:00,12926.79,11180.09
03.09.2021 03:00:00 +02:00,12190.82,11149.18
03.09.2021 04:00:00 +02:00,12411.01,11157.48
03.09.2021 05:00:00 +02:00,13504.39,11402.56
03.09.2021 06:00:00 +02:00,14769.97,12125.84
03.09.2021 07:00:00 +02:00,15542.86,13124.76
03.09.2021 08:00:00 +02:00,16362.60,13607.96
03.09.2021 09:00:00 +02:00,16331.01,13603.77
03.09.2021 10:00:00 +02:00,15966.32,13542.51
03.09.2021 11:00:00 +02:00,14761.19,13426.99
03.09.2021 12:00:00 +02:00,13826.57,13347.81
03.09.2021 13:00:00 +02:00,13027.37,13234.17
03.09.2021 14:00:00 +02:00,13303.08,13180.98
03.09.2021 15:00:00 +02:00,14290.69,13127.12
03.09.2021 16:00:00 +02:00,15215.31,13147.42
03.09.2021 17:00:00 +02:00,16290.59,12861.63
03.09.2021 18:00:00 +02:00,16328.05,13041.17
03.09.2021 19:00:00 +02:00,15997.99,12966.60
03.09.2021 20:00:00 +02:00,15502.11,13021.21
03.09.2021 21:00:00 +02:00,15246.01,12819.52
03.09.2021 22:00:00 +02:00,15017.37,12530.02
03.09.2021 23:00:00 +02:00,14538.48,12104.77
04.09.2021 00:00:00 +02:00,14296.92,11834.56
04.09.2021 01:00:00 +02:00,14177.75,11571.88
04.09.2021 02:00:00 +02:00,13841.25,11383.78
04.09.2021 03:00:00 +02:00,12953.76,11361.86
04.09.2021 04:00:00 +02:00,12920.32,11340.21
04.09.2021 05:00:00 +02:00,13154.97,11439.68
04.09.2021 06:00:00 +02:00,14298.62,11547.22
04.09.2021 07:00:00 +02:00,14923.45,11868.14
04.09.2021 08:00:00 +02:00,15731.88,12361.87
04.09.2021 09:00:00 +02:00,15658.40,12629.70
04.09.2021 10:00:00 +02:00,14726.10,13046.26
04.09.2021 11:00:00 +02:00,13491.94,12979.84
04.09.2021 12:00:00 +02:00,12615.88,12825.65
04.09.2021 13:00:00 +02:00,12167.82,12712.26
04.09.2021 14:00:00 +02:00,12072.64,12615.20
04.09.2021 15:00:00 +02:00,12786.67,12495.32
04.09.2021 16:00:00 +02:00,13861.80,12540.01
04.09.2021 17:00:00 +02:00,15101.26,12648.37
04.09.2021 18:00:00 +02:00,16491.12,12695.88
04.09.2021 19:00:00 +02:00,16695.90,12487.33
04.09.2021 20:00:00 +02:00,16609.18,12744.87
04.09.2021 21:00:00 +02:00,16230.40,12673.36
04.09.2021 22:00:00 +02:00,15714.19,12360.65
04.09.2021 23:00:00 +02:00,15689.44,12038.19
05.09.2021 00:00:00 +02:00,15173.50,11688.32
05.09.2021 01:00:00 +02:00,14187.78,11439.60
05.09.2021 02:00:00 +02:00,12824.15,11317.18
05.09.2021 03:00:00 +02:00,11772.07,11235.85
05.09.2021 04:00:00 +02:00,11564.48,11254.12
05.09.2021 05:00:00 +02:00,11694.66,11242.20
05.09.2021 06:00:00 +02:00,11703.21,11271.16
05.09.2021 07:00:00 +02:00,12097.57,11464.96
05.09.2021 08:00:00 +02:00,12496.53,11862.33
05.09.2021 09:00:00 +02:00,12670.82,12294.28
05.09.2021 10:00:00 +02:00,11830.16,12574.07
05.09.2021 11:00:00 +02:00,10819.31,12568.20
05.09.2021 12:00:00 +02:00,10280.36,12530.02
05.09.2021 13:00:00 +02:00,10338.01,12378.98
05.09.2021 14:00:00 +02:00,10608.68,12313.88
05.09.2021 15:00:00 +02:00,11398.93,12292.29
05.09.2021 16:00:00 +02:00,12413.20,12342.71
05.09.2021 17:00:00 +02:00,13698.86,12393.99
05.09.2021 18:00:00 +02:00,15049.76,12558.00
05.09.2021 19:00:00 +02:00,15786.86,12614.49
05.09.2021 20:00:00 +02:00,16296.36,12883.80
05.09.2021 21:00:00 +02:00,16101.02,12860.88
05.09.2021 22:00:00 +02:00,15837.63,12477.08
05.09.2021 23:00:00 +02:00,15231.81,11942.53
06.09.2021 00:00:00 +02:00,14448.12,11482.33
06.09.2021 01:00:00 +02:00,14045.47,11190.01
06.09.2021 02:00:00 +02:00,13808.92,11121.74
06.09.2021 03:00:00 +02:00,13315.62,11099.24
06.09.2021 04:00:00 +02:00,13965.81,11196.26
06.09.2021 05:00:00 +02:00,15176.31,11452.79
06.09.2021 06:00:00 +02:00,16183.31,12290.26
06.09.2021 07:00:00 +02:00,17687.41,13385.28
06.09.2021 08:00:00 +02:00,17847.14,13763.98
06.09.2021 09:00:00 +02:00,17783.29,13785.93
06.09.2021 10:00:00 +02:00,17432.19,13734.80
06.09.2021 11:00:00 +02:00,17027.34,13615.20
06.09.2021 12:00:00 +02:00,16283.51,13525.04
06.09.2021 13:00:00 +02:00,15753.10,13492.64
06.09.2021 14:00:00 +02:00,16346.24,13514.68
06.09.2021 15:00:00 +02:00,17039.94,13444.74
06.09.2021 16:00:00 +02:00,17550.71,13437.50
06.09.2021 17:00:00 +02:00,17611.60,13384.65
06.09.2021 18:00:00 +02:00,17409.32,13275.11
06.09.2021 19:00:00 +02:00,17072.40,13220.24
06.09.2021 20:00:00 +02:00,17043.47,13408.52
06.09.2021 21:00:00 +02:00,16899.12,13285.89
06.09.2021 22:00:00 +02:00,16525.40,12740.85
06.09.2021 23:00:00 +02:00,15418.30,12116.35
07.09.2021 00:00:00 +02:00,14701.82,11511.28
07.09.2021 01:00:00 +02:00,14553.01,11211.08
07.09.2021 02:00:00 +02:00,14167.23,11064.99
07.09.2021 03:00:00 +02:00,14099.93,11067.24
07.09.2021 04:00:00 +02:00,14229.45,11117.82
07.09.2021 05:00:00 +02:00,14813.96,11385.93
07.09.2021 06:00:00 +02:00,15612.74,12231.15
07.09.2021 07:00:00 +02:00,16833.84,13200.49
07.09.2021 08:00:00 +02:00,17424.67,13452.95
07.09.2021 09:00:00 +02:00,17296.08,13417.72
07.09.2021 10:00:00 +02:00,16786.62,12969.49
07.09.2021 11:00:00 +02:00,16581.08,13078.72
07.09.2021 12:00:00 +02:00,15905.74,13299.80
07.09.2021 13:00:00 +02:00,15110.04,13034.52
07.09.2021 14:00:00 +02:00,15249.43,13241.24
07.09.2021 15:00:00 +02:00,15363.33,13283.56
07.09.2021 16:00:00 +02:00,15488.96,13367.42
07.09.2021 17:00:00 +02:00,15475.08,13221.54
07.09.2021 18:00:00 +02:00,15289.10,13057.36
07.09.2021 19:00:00 +02:00,15228.05,13078.10
07.09.2021 20:00:00 +02:00,16216.76,13237.16
07.09.2021 21:00:00 +02:00,16589.46,13042.30
07.09.2021 22:00:00 +02:00,16047.15,12599.40
07.09.2021 23:00:00 +02:00,15015.98,11945.60
08.09.2021 00:00:00 +02:00,14328.54,11389.52
08.09.2021 01:00:00 +02:00,13597.86,11112.53
08.09.2021 02:00:00 +02:00,12970.12,10892.22
08.09.2021 03:00:00 +02:00,12886.34,10787.59
08.09.2021 04:00:00 +02:00,13398.81,10833.55
08.09.2021 05:00:00 +02:00,14431.74,11077.44
08.09.2021 06:00:00 +02:00,15244.47,11837.96
08.09.2021 07:00:00 +02:00,15799.42,12813.32
08.09.2021 08:00:00 +02:00,16156.58,13104.17
08.09.2021 09:00:00 +02:00,15902.49,13014.07
08.09.2021 10:00:00 +02:00,15604.07,13117.75
08.09.2021 11:00:00 +02:00,15330.55,13014.45
08.09.2021 12:00:00 +02:00,14611.48,13024.28
08.09.2021 13:00:00 +02:00,14104.14,12940.93
08.09.2021 14:00:00 +02:00,14477.27,12901.41
08.09.2021 15:00:00 +02:00,15209.05,12957.12
08.09.2021 16:00:00 +02:00,15427.31,13017.79
08.09.2021 17:00:00 +02:00,16054.00,12934.51
08.09.2021 18:00:00 +02:00,16526.51,12771.79
08.09.2021 19:00:00 +02:00,16573.19,12790.72
08.09.2021 20:00:00 +02:00,16634.33,13012.35
08.09.2021 21:00:00 +02:00,16214.71,12893.21
08.09.2021 22:00:00 +02:00,15662.60,12398.79
08.09.2021 23:00:00 +02:00,14804.11,11803.16
09.09.2021 00:00:00 +02:00,13860.18,11299.81
09.09.2021 01:00:00 +02:00,13565.64,11032.98
09.09.2021 02:00:00 +02:00,13075.80,10883.73
09.09.2021 03:00:00 +02:00,12286.43,10806.41
09.09.2021 04:00:00 +02:00,13002.26,10835.12
09.09.2021 05:00:00 +02:00,13949.82,11074.97
09.09.2021 06:00:00 +02:00,14677.76,11887.92
09.09.2021 07:00:00 +02:00,15623.41,12885.58
09.09.2021 08:00:00 +02:00,16433.59,13274.48
09.09.2021 09:00:00 +02:00,16170.79,13305.17
09.09.2021 10:00:00 +02:00,16366.52,12831.12
09.09.2021 11:00:00 +02:00,16406.28,13188.57
09.09.2021 12:00:00 +02:00,16375.24,12962.31
09.09.2021 13:00:00 +02:00,16582.15,13154.77
09.09.2021 14:00:00 +02:00,16352.23,13192.54
09.09.2021 15:00:00 +02:00,16212.23,13212.02
09.09.2021 16:00:00 +02:00,16567.41,13313.35
09.09.2021 17:00:00 +02:00,16639.11,13177.49
09.09.2021 18:00:00 +02:00,17185.87,13064.04
09.09.2021 19:00:00 +02:00,17388.07,13055.74
09.09.2021 20:00:00 +02:00,17547.61,13329.72
09.09.2021 21:00:00 +02:00,17039.35,13147.26
09.09.2021 22:00:00 +02:00,16385.17,12686.52
09.09.2021 23:00:00 +02:00,16102.11,12052.79
10.09.2021 00:00:00 +02:00,15606.67,11486.03
10.09.2021 01:00:00 +02:00,15167.47,11188.76
10.09.2021 02:00:00 +02:00,15110.01,11030.21
10.09.2021 03:00:00 +02:00,15036.50,10996.89
10.09.2021 04:00:00 +02:00,15165.40,11024.12
10.09.2021 05:00:00 +02:00,15146.43,11299.50
10.09.2021 06:00:00 +02:00,15785.11,12113.67
10.09.2021 07:00:00 +02:00,16752.96,13130.20
10.09.2021 08:00:00 +02:00,16987.29,13522.75
10.09.2021 09:00:00 +02:00,17230.17,13505.73
10.09.2021 10:00:00 +02:00,17575.29,13449.49
10.09.2021 11:00:00 +02:00,17633.72,13432.63
10.09.2021 12:00:00 +02:00,17420.16,13389.99
10.09.2021 13:00:00 +02:00,16997.20,13395.28
10.09.2021 14:00:00 +02:00,16510.19,13355.56
10.09.2021 15:00:00 +02:00,16683.15,13304.26
10.09.2021 16:00:00 +02:00,16662.88,13318.67
10.09.2021 17:00:00 +02:00,17034.44,13261.30
10.09.2021 18:00:00 +02:00,17214.73,13022.48
10.09.2021 19:00:00 +02:00,17029.30,13026.81
10.09.2021 20:00:00 +02:00,16887.84,13019.12
10.09.2021 21:00:00 +02:00,16401.58,12720.40
10.09.2021 22:00:00 +02:00,15786.65,12336.14
10.09.2021 23:00:00 +02:00,15620.76,11889.72
11.09.2021 00:00:00 +02:00,15643.71,11508.61
11.09.2021 01:00:00 +02:00,15283.09,11236.03
11.09.2021 02:00:00 +02:00,15072.91,11053.55
11.09.2021 03:00:00 +02:00,14893.08,11007.67
11.09.2021 04:00:00 +02:00,14805.39,10941.05
11.09.2021 05:00:00 +02:00,14890.54,10967.49
11.09.2021 06:00:00 +02:00,14945.64,11144.72
11.09.2021 07:00:00 +02:00,15183.11,11373.81
11.09.2021 08:00:00 +02:00,15913.40,11887.37
11.09.2021 09:00:00 +02:00,16859.32,12423.37
11.09.2021 10:00:00 +02:00,17234.26,12731.27
11.09.2021 11:00:00 +02:00,17068.11,12766.30
11.09.2021 12:00:00 +02:00,17081.09,12697.90
11.09.2021 13:00:00 +02:00,16436.92,12343.88
11.09.2021 14:00:00 +02:00,15637.31,12590.29
11.09.2021 15:00:00 +02:00,15681.20,12607.67
11.09.2021 16:00:00 +02:00,16391.98,12613.16
11.09.2021 17:00:00 +02:00,16765.76,12690.58
11.09.2021 18:00:00 +02:00,16872.79,12693.85
11.09.2021 19:00:00 +02:00,16880.77,12631.69
11.09.2021 20:00:00 +02:00,16708.46,12551.66
11.09.2021 21:00:00 +02:00,16087.24,12331.66
11.09.2021 22:00:00 +02:00,15537.38,12026.01
11.09.2021 23:00:00 +02:00,14748.96,11685.19
12.09.2021 00:00:00 +02:00,13412.22,11292.98
12.09.2021 01:00:00 +02:00,12350.40,11070.78
12.09.2021 02:00:00 +02:00,12338.92,10889.48
12.09.2021 03:00:00 +02:00,11879.84,10755.87
12.09.2021 04:00:00 +02:00,12008.92,10773.85
12.09.2021 05:00:00 +02:00,11993.37,10796.46
12.09.2021 06:00:00 +02:00,11933.21,10883.30
12.09.2021 07:00:00 +02:00,12869.61,11018.55
12.09.2021 08:00:00 +02:00,13806.66,11415.82
12.09.2021 09:00:00 +02:00,14126.29,11847.63
12.09.2021 10:00:00 +02:00,14111.26,12175.68
12.09.2021 11:00:00 +02:00,13755.30,12306.45
12.09.2021 12:00:00 +02:00,12550.31,12345.46
12.09.2021 13:00:00 +02:00,11719.73,12391.80
12.09.2021 14:00:00 +02:00,11707.33,12416.43
12.09.2021 15:00:00 +02:00,12145.27,12489.03
12.09.2021 16:00:00 +02:00,13136.20,12509.09
12.09.2021 17:00:00 +02:00,14394.46,12623.50
12.09.2021 18:00:00 +02:00,16136.13,12713.00
12.09.2021 19:00:00 +02:00,16611.19,12823.62
12.09.2021 20:00:00 +02:00,16663.04,13091.74
12.09.2021 21:00:00 +02:00,16294.67,12940.74
12.09.2021 22:00:00 +02:00,15393.33,12572.11
12.09.2021 23:00:00 +02:00,14513.63,12013.30
13.09.2021 00:00:00 +02:00,14303.30,11655.01
13.09.2021 01:00:00 +02:00,13738.63,11430.67
13.09.2021 02:00:00 +02:00,12992.09,11350.25
13.09.2021 03:00:00 +02:00,12645.14,11328.08
13.09.2021 04:00:00 +02:00,13043.45,11419.67
13.09.2021 05:00:00 +02:00,14531.02,11779.97
13.09.2021 06:00:00 +02:00,15519.19,12654.85
13.09.2021 07:00:00 +02:00,16145.19,13545.17
13.09.2021 08:00:00 +02:00,16856.90,14164.21
13.09.2021 09:00:00 +02:00,17012.04,14064.85
13.09.2021 10:00:00 +02:00,16966.70,13690.61
13.09.2021 11:00:00 +02:00,16793.99,13796.95
13.09.2021 12:00:00 +02:00,16601.91,13661.44
13.09.2021 13:00:00 +02:00,16489.75,13617.89
13.09.2021 14:00:00 +02:00,16395.57,13597.29
13.09.2021 15:00:00 +02:00,16273.70,13539.84
13.09.2021 16:00:00 +02:00,16448.54,13551.99
13.09.2021 17:00:00 +02:00,17269.81,13511.45
13.09.2021 18:00:00 +02:00,17398.26,13459.69
13.09.2021 19:00:00 +02:00,17601.16,13600.62
13.09.2021 20:00:00 +02:00,17602.88,13887.40
13.09.2021 21:00:00 +02:00,17484.55,13675.16
13.09.2021 22:00:00 +02:00,16429.45,13176.22
13.09.2021 23:00:00 +02:00,15683.00,12625.64
14.09.2021 00:00:00 +02:00,14938.28,11974.17
14.09.2021 01:00:00 +02:00,14676.53,11688.88
14.09.2021 02:00:00 +02:00,14751.93,11532.66
14.09.2021 03:00:00 +02:00,14887.50,11545.36
14.09.2021 04:00:00 +02:00,14957.25,11623.40
14.09.2021 05:00:00 +02:00,15481.42,11912.34
14.09.2021 06:00:00 +02:00,16569.84,12813.39
14.09.2021 07:00:00 +02:00,17620.25,13857.48
14.09.2021 08:00:00 +02:00,17989.07,13953.86
14.09.2021 09:00:00 +02:00,18322.65,13878.91
14.09.2021 10:00:00 +02:00,18621.97,12815.32
14.09.2021 11:00:00 +02:00,18571.08,13552.40
14.09.2021 12:00:00 +02:00,18308.01,13411.31
14.09.2021 13:00:00 +02:00,18033.71,13254.67
14.09.2021 14:00:00 +02:00,18295.11,13357.59
14.09.2021 15:00:00 +02:00,18453.55,13367.50
14.09.2021 16:00:00 +02:00,18292.98,13343.37
14.09.2021 17:00:00 +02:00,18075.29,13235.67
14.09.2021 18:00:00 +02:00,17700.50,13205.45
14.09.2021 19:00:00 +02:00,17650.98,13306.74
14.09.2021 20:00:00 +02:00,17617.71,13606.53
14.09.2021 21:00:00 +02:00,17210.75,13458.67
14.09.2021 22:00:00 +02:00,16460.05,13071.56
14.09.2021 23:00:00 +02:00,15999.91,12440.68
15.09.2021 00:00:00 +02:00,15485.77,11951.72
15.09.2021 01:00:00 +02:00,15304.77,11673.80
15.09.2021 02:00:00 +02:00,15233.99,11438.40
15.09.2021 03:00:00 +02:00,15084.91,11497.90
15.09.2021 04:00:00 +02:00,15107.82,11531.38
15.09.2021 05:00:00 +02:00,15514.29,11829.20
15.09.2021 06:00:00 +02:00,16678.33,12763.53
15.09.2021 07:00:00 +02:00,17481.77,13782.02
15.09.2021 08:00:00 +02:00,17605.37,13862.78
15.09.2021 09:00:00 +02:00,17417.68,14086.61
15.09.2021 10:00:00 +02:00,17615.34,13951.10
15.09.2021 11:00:00 +02:00,17626.01,13401.49
15.09.2021 12:00:00 +02:00,17616.22,13750.66
15.09.2021 13:00:00 +02:00,17723.73,13672.13
15.09.2021 14:00:00 +02:00,17795.38,12977.91
15.09.2021 15:00:00 +02:00,17920.13,13712.02
15.09.2021 16:00:00 +02:00,17893.50,11461.33
15.09.2021 17:00:00 +02:00,18296.35,13186.35
15.09.2021 18:00:00 +02:00,18357.01,12891.23
15.09.2021 19:00:00 +02:00,18298.84,12989.72
15.09.2021 20:00:00 +02:00,17491.11,13541.89
15.09.2021 21:00:00 +02:00,16746.17,13548.40
15.09.2021 22:00:00 +02:00,16155.99,13049.41
15.09.2021 23:00:00 +02:00,15664.24,12461.70
16.09.2021 00:00:00 +02:00,15363.07,11740.73
16.09.2021 01:00:00 +02:00,14909.33,11628.12
16.09.2021 02:00:00 +02:00,14394.36,11510.15
16.09.2021 03:00:00 +02:00,14248.23,11487.84
16.09.2021 04:00:00 +02:00,14244.87,10381.06
16.09.2021 05:00:00 +02:00,14589.07,11877.70
16.09.2021 06:00:00 +02:00,15584.58,12814.89
16.09.2021 07:00:00 +02:00,16915.74,13831.67
16.09.2021 08:00:00 +02:00,17461.94,14166.72
16.09.2021 09:00:00 +02:00,17470.84,13967.62
16.09.2021 10:00:00 +02:00,17472.65,12524.32
16.09.2021 11:00:00 +02:00,17710.22,13591.06
16.09.2021 12:00:00 +02:00,17924.35,13525.34
16.09.2021 13:00:00 +02:00,18358.48,13997.45
16.09.2021 14:00:00 +02:00,17940.64,13786.35
16.09.2021 15:00:00 +02:00,17838.04,14035.49
16.09.2021 16:00:00 +02:00,18062.54,14148.14
16.09.2021 17:00:00 +02:00,18341.65,14123.76
16.09.2021 18:00:00 +02:00,18386.56,14067.77
16.09.2021 19:00:00 +02:00,18655.09,14113.03
16.09.2021 20:00:00 +02:00,17524.99,14244.89
16.09.2021 21:00:00 +02:00,17058.00,13928.89
16.09.2021 22:00:00 +02:00,16659.55,13465.59
16.09.2021 23:00:00 +02:00,16111.35,12824.47
17.09.2021 00:00:00 +02:00,15151.49,12183.13
17.09.2021 01:00:00 +02:00,14660.42,11875.26
17.09.2021 02:00:00 +02:00,14563.45,11730.25
17.09.2021 03:00:00 +02:00,14443.29,10912.46
17.09.2021 04:00:00 +02:00,14487.93,11762.90
17.09.2021 05:00:00 +02:00,15249.42,12053.22
17.09.2021 06:00:00 +02:00,16490.21,12982.08
17.09.2021 07:00:00 +02:00,17305.02,13895.97
17.09.2021 08:00:00 +02:00,17832.16,14472.60
17.09.2021 09:00:00 +02:00,18051.80,14462.66
17.09.2021 10:00:00 +02:00,18465.89,14400.80
17.09.2021 11:00:00 +02:00,18560.31,14277.09
17.09.2021 12:00:00 +02:00,18996.64,14001.10
17.09.2021 13:00:00 +02:00,19058.94,13970.98
17.09.2021 14:00:00 +02:00,19041.21,13965.69
17.09.2021 15:00:00 +02:00,18765.91,13923.23
17.09.2021 16:00:00 +02:00,18943.69,13857.89
17.09.2021 17:00:00 +02:00,19156.92,13797.75
17.09.2021 18:00:00 +02:00,19061.69,13810.22
17.09.2021 19:00:00 +02:00,18548.50,13909.92
17.09.2021 20:00:00 +02:00,18026.15,13919.78
17.09.2021 21:00:00 +02:00,17637.47,13591.05
17.09.2021 22:00:00 +02:00,17062.34,13152.33
17.09.2021 23:00:00 +02:00,16844.19,12700.40
18.09.2021 00:00:00 +02:00,16772.81,12322.65
18.09.2021 01:00:00 +02:00,16636.71,12083.14
18.09.2021 02:00:00 +02:00,16431.90,11893.92
18.09.2021 03:00:00 +02:00,16200.11,11840.91
18.09.2021 04:00:00 +02:00,16030.80,11822.59
18.09.2021 05:00:00 +02:00,16111.85,11858.87
18.09.2021 06:00:00 +02:00,16333.26,12117.49
18.09.2021 07:00:00 +02:00,16802.78,12106.39
18.09.2021 08:00:00 +02:00,17267.71,12770.82
18.09.2021 09:00:00 +02:00,17848.39,13328.83
18.09.2021 10:00:00 +02:00,18106.39,12694.83
18.09.2021 11:00:00 +02:00,17685.50,13315.59
18.09.2021 12:00:00 +02:00,16539.06,13401.99
18.09.2021 13:00:00 +02:00,15407.35,13314.88
18.09.2021 14:00:00 +02:00,15400.42,13196.27
18.09.2021 15:00:00 +02:00,16138.92,13198.79
18.09.2021 16:00:00 +02:00,17285.89,13258.22
18.09.2021 17:00:00 +02:00,17677.54,13333.90
18.09.2021 18:00:00 +02:00,17709.21,13413.26
18.09.2021 19:00:00 +02:00,17726.88,13498.73
18.09.2021 20:00:00 +02:00,17422.87,13445.54
18.09.2021 21:00:00 +02:00,16909.39,13081.84
18.09.2021 22:00:00 +02:00,15763.09,12736.38
18.09.2021 23:00:00 +02:00,14617.88,11763.98
19.09.2021 00:00:00 +02:00,13442.78,11819.08
19.09.2021 01:00:00 +02:00,12305.50,11723.66
19.09.2021 02:00:00 +02:00,11518.99,11624.50
19.09.2021 03:00:00 +02:00,10842.76,11539.96
19.09.2021 04:00:00 +02:00,10634.60,11529.70
19.09.2021 05:00:00 +02:00,10631.98,11573.33
19.09.2021 06:00:00 +02:00,10579.43,11731.44
19.09.2021 07:00:00 +02:00,11049.41,11838.73
19.09.2021 08:00:00 +02:00,12230.64,12199.76
19.09.2021 09:00:00 +02:00,12716.27,12675.59
19.09.2021 10:00:00 +02:00,12247.53,12972.43
19.09.2021 11:00:00 +02:00,12331.01,12970.60
19.09.2021 12:00:00 +02:00,12691.50,12972.43
19.09.2021 13:00:00 +02:00,12350.33,12908.85
19.09.2021 14:00:00 +02:00,12433.62,12932.89
19.09.2021 15:00:00 +02:00,13155.90,12965.04
19.09.2021 16:00:00 +02:00,14564.34,13053.53
19.09.2021 17:00:00 +02:00,16062.00,13105.87
19.09.2021 18:00:00 +02:00,17352.57,13252.51
19.09.2021 19:00:00 +02:00,18220.38,13488.31
19.09.2021 20:00:00 +02:00,17949.32,13620.48
19.09.2021 21:00:00 +02:00,17251.39,13329.09
19.09.2021 22:00:00 +02:00,16509.98,12959.23
19.09.2021 23:00:00 +02:00,15735.56,12227.26
20.09.2021 00:00:00 +02:00,15060.34,12046.44
20.09.2021 01:00:00 +02:00,14373.30,11817.09
20.09.2021 02:00:00 +02:00,14367.39,11690.79
20.09.2021 03:00:00 +02:00,13743.37,11520.19
20.09.2021 04:00:00 +02:00,13882.59,11212.70
20.09.2021 05:00:00 +02:00,15053.68,12146.10
20.09.2021 06:00:00 +02:00,16518.63,13133.61
20.09.2021 07:00:00 +02:00,18367.64,14349.31
20.09.2021 08:00:00 +02:00,18556.02,14323.59
20.09.2021 09:00:00 +02:00,18687.32,14664.20
20.09.2021 10:00:00 +02:00,18673.67,14529.51
20.09.2021 11:00:00 +02:00,18614.81,14178.51
20.09.2021 12:00:00 +02:00,18555.33,14276.44
20.09.2021 13:00:00 +02:00,18640.70,14062.63
20.09.2021 14:00:00 +02:00,18436.96,14274.62
20.09.2021 15:00:00 +02:00,18339.18,14274.20
20.09.2021 16:00:00 +02:00,18442.50,14350.67
20.09.2021 17:00:00 +02:00,18321.38,14277.64
20.09.2021 18:00:00 +02:00,18328.28,14171.65
20.09.2021 19:00:00 +02:00,18862.09,14354.37
20.09.2021 20:00:00 +02:00,18770.25,14462.30
20.09.2021 21:00:00 +02:00,18213.39,14168.22
20.09.2021 22:00:00 +02:00,17088.02,13681.80
20.09.2021 23:00:00 +02:00,15905.72,12790.36
21.09.2021 00:00:00 +02:00,15382.62,12459.77
21.09.2021 01:00:00 +02:00,15101.84,12170.42
21.09.2021 02:00:00 +02:00,14788.37,11907.72
21.09.2021 03:00:00 +02:00,14791.50,11822.55
21.09.2021 04:00:00 +02:00,14918.20,11884.22
21.09.2021 05:00:00 +02:00,15314.75,12192.88
21.09.2021 06:00:00 +02:00,16434.66,13159.58
21.09.2021 07:00:00 +02:00,17813.47,14158.94
21.09.2021 08:00:00 +02:00,18607.75,14534.45
21.09.2021 09:00:00 +02:00,18798.98,14532.81
21.09.2021 10:00:00 +02:00,18796.41,14257.14
21.09.2021 11:00:00 +02:00,18341.88,14274.52
21.09.2021 12:00:00 +02:00,18323.57,954.32
21.09.2021 13:00:00 +02:00,17863.31,19.47
21.09.2021 14:00:00 +02:00,17155.14,20.37
21.09.2021 15:00:00 +02:00,17669.11,18.09
21.09.2021 16:00:00 +02:00,17721.57,18.35
21.09.2021 17:00:00 +02:00,17847.50,20.32
21.09.2021 18:00:00 +02:00,17908.35,20.36
21.09.2021 19:00:00 +02:00,18704.00,21.11
21.09.2021 20:00:00 +02:00,18369.25,21.60
21.09.2021 21:00:00 +02:00,17612.88,21.81
21.09.2021 22:00:00 +02:00,16478.50,20.14
21.09.2021 23:00:00 +02:00,15583.73,18.24
22.09.2021 00:00:00 +02:00,14648.96,17.86
22.09.2021 01:00:00 +02:00,13418.19,16.21
22.09.2021 02:00:00 +02:00,12501.65,14.29
22.09.2021 03:00:00 +02:00,12219.09,15.08
22.09.2021 04:00:00 +02:00,13057.76,15.07
22.09.2021 05:00:00 +02:00,14479.60,15.94
22.09.2021 06:00:00 +02:00,16039.20,17.79
22.09.2021 07:00:00 +02:00,17378.78,20.52
22.09.2021 08:00:00 +02:00,17880.23,21.93
22.09.2021 09:00:00 +02:00,17593.36,20.80
22.09.2021 10:00:00 +02:00,17677.07,20.98
22.09.2021 11:00:00 +02:00,17128.94,21.48
22.09.2021 12:00:00 +02:00,16694.08,20.18
22.09.2021 13:00:00 +02:00,16276.10,18.90
22.09.2021 14:00:00 +02:00,15765.98,19.97
22.09.2021 15:00:00 +02:00,15820.24,20.22
22.09.2021 16:00:00 +02:00,15741.78,19.65
22.09.2021 17:00:00 +02:00,16216.73,19.73
22.09.2021 18:00:00 +02:00,16251.16,19.04
22.09.2021 19:00:00 +02:00,16778.68,21.59
22.09.2021 20:00:00 +02:00,16535.98,21.36
22.09.2021 21:00:00 +02:00,16058.47,20.70
22.09.2021 22:00:00 +02:00,15445.34,19.39
22.09.2021 23:00:00 +02:00,13884.04,17.74
23.09.2021 00:00:00 +02:00,13211.42,16.00
23.09.2021 01:00:00 +02:00,12876.73,13.38
23.09.2021 02:00:00 +02:00,11369.11,13.97
23.09.2021 03:00:00 +02:00,10270.63,13.92
23.09.2021 04:00:00 +02:00,10106.31,13.41
23.09.2021 05:00:00 +02:00,11347.48,13.02
23.09.2021 06:00:00 +02:00,13678.21,14.35
23.09.2021 07:00:00 +02:00,15206.80,16.85
23.09.2021 08:00:00 +02:00,15252.10,18.52
23.09.2021 09:00:00 +02:00,15232.06,19.75
23.09.2021 10:00:00 +02:00,14867.25,19.86
23.09.2021 11:00:00 +02:00,13840.11,7097.82
23.09.2021 12:00:00 +02:00,13318.43,14113.88
23.09.2021 13:00:00 +02:00,12955.91,14055.46
23.09.2021 14:00:00 +02:00,12605.08,14125.82
23.09.2021 15:00:00 +02:00,12569.89,14149.65
23.09.2021 16:00:00 +02:00,12875.77,14102.08
23.09.2021 17:00:00 +02:00,14217.47,14027.94
23.09.2021 18:00:00 +02:00,14281.03,13993.49
23.09.2021 19:00:00 +02:00,14513.28,13960.32
23.09.2021 20:00:00 +02:00,14395.45,13336.34
23.09.2021 21:00:00 +02:00,14398.36,13112.52
23.09.2021 22:00:00 +02:00,13943.58,13614.57
23.09.2021 23:00:00 +02:00,12473.54,12706.38
24.09.2021 00:00:00 +02:00,11671.00,12022.30
24.09.2021 01:00:00 +02:00,11038.67,11293.95
24.09.2021 02:00:00 +02:00,11020.51,12197.37
24.09.2021 03:00:00 +02:00,11250.53,11771.47
24.09.2021 04:00:00 +02:00,12333.07,12275.75
24.09.2021 05:00:00 +02:00,13550.21,12196.30
24.09.2021 06:00:00 +02:00,15368.86,13578.00
24.09.2021 07:00:00 +02:00,17021.81,14753.26
24.09.2021 08:00:00 +02:00,18234.02,15112.51
24.09.2021 09:00:00 +02:00,18551.43,15079.10
24.09.2021 10:00:00 +02:00,18198.54,13711.51
24.09.2021 11:00:00 +02:00,16999.98,14636.28
24.09.2021 12:00:00 +02:00,16102.36,14919.92
24.09.2021 13:00:00 +02:00,14796.94,14808.37
24.09.2021 14:00:00 +02:00,14604.65,14767.40
24.09.2021 15:00:00 +02:00,14570.77,14158.96
24.09.2021 16:00:00 +02:00,14606.87,14584.48
24.09.2021 17:00:00 +02:00,15262.32,14468.74
24.09.2021 18:00:00 +02:00,15126.27,14398.19
24.09.2021 19:00:00 +02:00,15241.45,14225.02
24.09.2021 20:00:00 +02:00,14719.23,13798.04
24.09.2021 21:00:00 +02:00,14215.65,13927.34
24.09.2021 22:00:00 +02:00,13803.32,12590.89
24.09.2021 23:00:00 +02:00,13139.94,12107.31
25.09.2021 00:00:00 +02:00,13628.08,12632.62
25.09.2021 01:00:00 +02:00,13692.02,12358.10
25.09.2021 02:00:00 +02:00,13513.59,12154.89
25.09.2021 03:00:00 +02:00,13272.55,12086.71
25.09.2021 04:00:00 +02:00,13339.69,12065.90
25.09.2021 05:00:00 +02:00,13653.84,11955.61
25.09.2021 06:00:00 +02:00,14856.40,11231.95
25.09.2021 07:00:00 +02:00,15958.04,12329.93
25.09.2021 08:00:00 +02:00,16765.94,13192.52
25.09.2021 09:00:00 +02:00,16722.26,11817.65
25.09.2021 10:00:00 +02:00,15949.55,13724.35
25.09.2021 11:00:00 +02:00,14909.72,12481.31
25.09.2021 12:00:00 +02:00,14108.38,12535.50
25.09.2021 13:00:00 +02:00,13896.02,11657.56
25.09.2021 14:00:00 +02:00,14202.23,13065.36
25.09.2021 15:00:00 +02:00,15589.19,12310.76
25.09.2021 16:00:00 +02:00,16771.99,13001.84
25.09.2021 17:00:00 +02:00,17748.50,13146.93
25.09.2021 18:00:00 +02:00,18321.76,13344.29
25.09.2021 19:00:00 +02:00,18148.41,13545.10
25.09.2021 20:00:00 +02:00,17623.01,13386.74
25.09.2021 21:00:00 +02:00,17321.31,13118.62
25.09.2021 22:00:00 +02:00,17237.00,12826.10
25.09.2021 23:00:00 +02:00,16911.87,12552.82
26.09.2021 00:00:00 +02:00,16903.28,12241.22
26.09.2021 01:00:00 +02:00,16943.46,11989.51
26.09.2021 02:00:00 +02:00,16330.92,11851.96
26.09.2021 03:00:00 +02:00,15236.21,11792.87
26.09.2021 04:00:00 +02:00,14923.96,11814.91
26.09.2021 05:00:00 +02:00,14893.00,11884.85
26.09.2021 06:00:00 +02:00,15443.32,11828.62
26.09.2021 07:00:00 +02:00,15442.01,12149.89
26.09.2021 08:00:00 +02:00,16641.66,12267.16
26.09.2021 09:00:00 +02:00,16255.96,12952.96
26.09.2021 10:00:00 +02:00,15360.45,13117.41
26.09.2021 11:00:00 +02:00,14638.96,13143.60
26.09.2021 12:00:00 +02:00,14125.35,12995.24
26.09.2021 13:00:00 +02:00,13369.45,12981.42
26.09.2021 14:00:00 +02:00,13108.81,12955.13
26.09.2021 15:00:00 +02:00,13790.13,12966.26
26.09.2021 16:00:00 +02:00,15264.41,13017.17
26.09.2021 17:00:00 +02:00,16829.29,13109.44
26.09.2021 18:00:00 +02:00,17394.66,13278.42
26.09.2021 19:00:00 +02:00,17162.89,13522.88
26.09.2021 20:00:00 +02:00,16666.13,13522.16
26.09.2021 21:00:00 +02:00,16299.90,13241.73
26.09.2021 22:00:00 +02:00,15643.14,12689.86
26.09.2021 23:00:00 +02:00,14989.54,10587.24
27.09.2021 00:00:00 +02:00,15350.26,12017.27
27.09.2021 01:00:00 +02:00,14688.72,11735.56
27.09.2021 02:00:00 +02:00,14065.53,11621.37
27.09.2021 03:00:00 +02:00,13431.69,11577.13
27.09.2021 04:00:00 +02:00,13987.15,11592.99
27.09.2021 05:00:00 +02:00,15973.19,11960.92
27.09.2021 06:00:00 +02:00,17559.21,12908.38
27.09.2021 07:00:00 +02:00,18450.25,14020.65
27.09.2021 08:00:00 +02:00,18341.49,14312.25
27.09.2021 09:00:00 +02:00,18128.21,14233.12
27.09.2021 10:00:00 +02:00,18670.94,14210.01
27.09.2021 11:00:00 +02:00,18377.55,13824.29
27.09.2021 12:00:00 +02:00,17945.31,13996.43
27.09.2021 13:00:00 +02:00,17302.54,12271.16
27.09.2021 14:00:00 +02:00,16968.66,12295.04
27.09.2021 15:00:00 +02:00,16709.58,13285.54
27.09.2021 16:00:00 +02:00,16924.34,13861.77
27.09.2021 17:00:00 +02:00,17563.27,14013.95
27.09.2021 18:00:00 +02:00,17487.05,12988.06
27.09.2021 19:00:00 +02:00,17118.01,13136.20
27.09.2021 20:00:00 +02:00,16042.13,13466.83
27.09.2021 21:00:00 +02:00,15116.38,13571.97
27.09.2021 22:00:00 +02:00,14025.16,13078.87
27.09.2021 23:00:00 +02:00,13314.99,12260.03
28.09.2021 00:00:00 +02:00,13215.92,12002.50
28.09.2021 01:00:00 +02:00,13532.10,10545.44
28.09.2021 02:00:00 +02:00,13466.94,11636.62
28.09.2021 03:00:00 +02:00,13749.89,11568.56
28.09.2021 04:00:00 +02:00,14460.70,11623.35
28.09.2021 05:00:00 +02:00,15599.00,11899.71
28.09.2021 06:00:00 +02:00,16955.42,12888.55
28.09.2021 07:00:00 +02:00,18159.74,13951.24
28.09.2021 08:00:00 +02:00,18763.41,12576.43
28.09.2021 09:00:00 +02:00,18914.10,13885.57
28.09.2021 10:00:00 +02:00,18826.44,13265.55
28.09.2021 11:00:00 +02:00,18853.40,13275.40
28.09.2021 12:00:00 +02:00,18669.77,13896.55
28.09.2021 13:00:00 +02:00,18378.77,13674.54
28.09.2021 14:00:00 +02:00,18389.17,13727.37
28.09.2021 15:00:00 +02:00,18893.76,13602.84
28.09.2021 16:00:00 +02:00,18718.17,13585.88
28.09.2021 17:00:00 +02:00,18900.14,13547.67
28.09.2021 18:00:00 +02:00,19418.83,13597.04
28.09.2021 19:00:00 +02:00,19923.40,13922.30
28.09.2021 20:00:00 +02:00,19392.43,13817.91
28.09.2021 21:00:00 +02:00,18468.54,13773.77
28.09.2021 22:00:00 +02:00,17535.31,13335.64
28.09.2021 23:00:00 +02:00,16704.05,12751.72
29.09.2021 00:00:00 +02:00,15877.83,12189.77
29.09.2021 01:00:00 +02:00,15056.01,11916.30
29.09.2021 02:00:00 +02:00,13886.82,11830.85
29.09.2021 03:00:00 +02:00,13151.24,11807.93
29.09.2021 04:00:00 +02:00,13232.33,11812.05
29.09.2021 05:00:00 +02:00,14879.90,11802.76
29.09.2021 06:00:00 +02:00,16895.16,12829.11
29.09.2021 07:00:00 +02:00,18608.59,14148.74
29.09.2021 08:00:00 +02:00,19208.70,14315.84
29.09.2021 09:00:00 +02:00,19511.67,14079.87
29.09.2021 10:00:00 +02:00,19335.58,13330.96
29.09.2021 11:00:00 +02:00,19122.89,14151.52
29.09.2021 12:00:00 +02:00,19047.01,14016.26
29.09.2021 13:00:00 +02:00,18206.83,14045.95
29.09.2021 14:00:00 +02:00,17728.95,12605.20
29.09.2021 15:00:00 +02:00,17290.38,13660.51
29.09.2021 16:00:00 +02:00,17328.50,13039.55
29.09.2021 17:00:00 +02:00,18790.96,14134.42
29.09.2021 18:00:00 +02:00,18856.90,14152.96
29.09.2021 19:00:00 +02:00,18761.61,14323.19
29.09.2021 20:00:00 +02:00,17513.40,12608.08
29.09.2021 21:00:00 +02:00,16391.10,13912.61
29.09.2021 22:00:00 +02:00,15069.12,13458.59
29.09.2021 23:00:00 +02:00,13252.18,12876.57
30.09.2021 00:00:00 +02:00,11637.68,12325.88
30.09.2021 01:00:00 +02:00,11282.33,12052.73
30.09.2021 02:00:00 +02:00,11122.06,11913.39
30.09.2021 03:00:00 +02:00,11075.42,11852.44
30.09.2021 04:00:00 +02:00,11711.40,11934.64
30.09.2021 05:00:00 +02:00,13523.03,11918.88
30.09.2021 06:00:00 +02:00,15884.72,11305.24
30.09.2021 07:00:00 +02:00,17880.71,14195.84
30.09.2021 08:00:00 +02:00,17994.42,14515.62
30.09.2021 09:00:00 +02:00,17876.35,14270.64
30.09.2021 10:00:00 +02:00,16876.38,12030.30
30.09.2021 11:00:00 +02:00,15725.64,13636.84
30.09.2021 12:00:00 +02:00,14382.46,14401.10
30.09.2021 13:00:00 +02:00,14106.14,14272.95
30.09.2021 14:00:00 +02:00,13962.07,14313.45
30.09.2021 15:00:00 +02:00,15177.95,14293.40
30.09.2021 16:00:00 +02:00,16603.91,14423.18
30.09.2021 17:00:00 +02:00,17051.47,14411.75
30.09.2021 18:00:00 +02:00,16894.71,14407.47
30.09.2021 19:00:00 +02:00,16871.65,14309.06
30.09.2021 20:00:00 +02:00,16322.94,14358.63
30.09.2021 21:00:00 +02:00,15420.50,13939.37
30.09.2021 22:00:00 +02:00,14850.47,13638.58
30.09.2021 23:00:00 +02:00,13456.91,12980.01
01.10.2021 00:00:00 +02:00,12269.55,12494.13
01.10.2021 01:00:00 +02:00,11536.09,12257.41
01.10.2021 02:00:00 +02:00,10740.27,12086.34
01.10.2021 03:00:00 +02:00,10698.32,12001.67
01.10.2021 04:00:00 +02:00,10703.40,12054.49
01.10.2021 05:00:00 +02:00,11413.90,12329.72
01.10.2021 06:00:00 +02:00,13861.30,13300.89
01.10.2021 07:00:00 +02:00,15372.33,13884.61
01.10.2021 08:00:00 +02:00,15842.84,13963.11
01.10.2021 09:00:00 +02:00,15889.67,14273.66
01.10.2021 10:00:00 +02:00,15318.05,14725.79
01.10.2021 11:00:00 +02:00,14312.23,14614.22
01.10.2021 12:00:00 +02:00,13574.69,14518.65
01.10.2021 13:00:00 +02:00,13265.99,14364.75
01.10.2021 14:00:00 +02:00,13857.63,14377.62
01.10.2021 15:00:00 +02:00,13690.66,13811.38
01.10.2021 16:00:00 +02:00,14619.15,14367.48
01.10.2021 17:00:00 +02:00,15141.49,14125.71
01.10.2021 18:00:00 +02:00,15408.58,13151.07
01.10.2021 19:00:00 +02:00,15274.29,13873.10
01.10.2021 20:00:00 +02:00,14531.39,14019.17
01.10.2021 21:00:00 +02:00,13944.77,12687.85
01.10.2021 22:00:00 +02:00,13108.19,12096.70
01.10.2021 23:00:00 +02:00,12705.44,11885.24
02.10.2021 00:00:00 +02:00,12962.59,12143.45
02.10.2021 01:00:00 +02:00,13402.99,11701.66
02.10.2021 02:00:00 +02:00,13794.64,11509.10
02.10.2021 03:00:00 +02:00,14200.91,11773.79
02.10.2021 04:00:00 +02:00,14652.74,11773.56
02.10.2021 05:00:00 +02:00,15609.86,11666.11
02.10.2021 06:00:00 +02:00,16134.47,12103.53
02.10.2021 07:00:00 +02:00,16532.12,12408.09
02.10.2021 08:00:00 +02:00,17226.13,12794.13
02.10.2021 09:00:00 +02:00,17839.28,13329.37
02.10.2021 10:00:00 +02:00,18195.66,13651.68
02.10.2021 11:00:00 +02:00,17791.53,13587.50
02.10.2021 12:00:00 +02:00,16009.02,13492.78
02.10.2021 13:00:00 +02:00,14509.71,13351.36
02.10.2021 14:00:00 +02:00,13791.62,13261.31
02.10.2021 15:00:00 +02:00,13456.99,12964.70
02.10.2021 16:00:00 +02:00,14679.43,13040.33
02.10.2021 17:00:00 +02:00,16416.66,12968.09
02.10.2021 18:00:00 +02:00,16950.45,13117.24
02.10.2021 19:00:00 +02:00,16239.13,13722.30
02.10.2021 20:00:00 +02:00,13960.59,12989.10
02.10.2021 21:00:00 +02:00,12128.88,13162.60
02.10.2021 22:00:00 +02:00,10318.48,12850.36
02.10.2021 23:00:00 +02:00,9264.00,12628.64
03.10.2021 00:00:00 +02:00,8264.09,12389.06
03.10.2021 01:00:00 +02:00,8154.08,12149.94
03.10.2021 02:00:00 +02:00,7876.26,11972.55
03.10.2021 03:00:00 +02:00,7832.28,11698.82
03.10.2021 04:00:00 +02:00,7815.24,11843.01
03.10.2021 05:00:00 +02:00,8057.36,11778.23
03.10.2021 06:00:00 +02:00,8137.00,11899.34
03.10.2021 07:00:00 +02:00,8600.44,12130.90
03.10.2021 08:00:00 +02:00,9542.13,12434.71
03.10.2021 09:00:00 +02:00,10584.53,12868.33
03.10.2021 10:00:00 +02:00,11248.48,13219.93
03.10.2021 11:00:00 +02:00,12072.44,13340.48
03.10.2021 12:00:00 +02:00,12034.74,13364.18
03.10.2021 13:00:00 +02:00,11877.56,13258.52
03.10.2021 14:00:00 +02:00,11659.67,13234.97
03.10.2021 15:00:00 +02:00,11539.06,13294.87
03.10.2021 16:00:00 +02:00,11400.03,13276.53
03.10.2021 17:00:00 +02:00,12985.88,13281.95
03.10.2021 18:00:00 +02:00,14210.11,13461.59
03.10.2021 19:00:00 +02:00,15070.46,12781.37
03.10.2021 20:00:00 +02:00,14599.08,13353.01
03.10.2021 21:00:00 +02:00,13692.03,13103.36
03.10.2021 22:00:00 +02:00,12778.89,12992.93
03.10.2021 23:00:00 +02:00,11680.10,12647.48
04.10.2021 00:00:00 +02:00,10502.84,12252.35
04.10.2021 01:00:00 +02:00,10102.91,11988.06
04.10.2021 02:00:00 +02:00,9937.04,11795.75
04.10.2021 03:00:00 +02:00,10009.44,11544.08
04.10.2021 04:00:00 +02:00,11041.58,11193.77
04.10.2021 05:00:00 +02:00,13436.01,12041.69
04.10.2021 06:00:00 +02:00,16132.31,12995.57
04.10.2021 07:00:00 +02:00,17582.65,14016.37
04.10.2021 08:00:00 +02:00,17758.49,14443.95
04.10.2021 09:00:00 +02:00,17586.01,14420.46
04.10.2021 10:00:00 +02:00,17623.18,14303.53
04.10.2021 11:00:00 +02:00,17601.88,14149.81
04.10.2021 12:00:00 +02:00,17158.77,13825.18
04.10.2021 13:00:00 +02:00,16365.25,14068.48
04.10.2021 14:00:00 +02:00,16416.02,14053.22
04.10.2021 15:00:00 +02:00,17148.70,13996.80
04.10.2021 16:00:00 +02:00,17081.44,14063.51
04.10.2021 17:00:00 +02:00,17302.35,14050.74
04.10.2021 18:00:00 +02:00,17384.81,14125.36
04.10.2021 19:00:00 +02:00,17599.30,14284.51
04.10.2021 20:00:00 +02:00,16445.06,13934.87
04.10.2021 21:00:00 +02:00,15587.36,12921.75
04.10.2021 22:00:00 +02:00,14474.85,12339.85
04.10.2021 23:00:00 +02:00,13338.67,12437.55
05.10.2021 00:00:00 +02:00,12641.13,12148.81
05.10.2021 01:00:00 +02:00,12519.12,12066.95
05.10.2021 02:00:00 +02:00,12358.87,11941.84
05.10.2021 03:00:00 +02:00,12279.69,11915.15
05.10.2021 04:00:00 +02:00,12524.78,11920.26
05.10.2021 05:00:00 +02:00,14392.34,12186.25
05.10.2021 06:00:00 +02:00,16547.33,13158.55
05.10.2021 07:00:00 +02:00,17333.11,14174.73
05.10.2021 08:00:00 +02:00,17552.38,14413.89
05.10.2021 09:00:00 +02:00,17440.27,14464.09
05.10.2021 10:00:00 +02:00,17582.38,13904.63
05.10.2021 11:00:00 +02:00,17488.07,13794.15
05.10.2021 12:00:00 +02:00,17466.10,14238.07
05.10.2021 13:00:00 +02:00,17273.00,12998.26
05.10.2021 14:00:00 +02:00,17237.70,14127.79
05.10.2021 15:00:00 +02:00,17251.99,14103.73
05.10.2021 16:00:00 +02:00,17128.88,14215.18
05.10.2021 17:00:00 +02:00,17423.25,14152.23
05.10.2021 18:00:00 +02:00,18154.46,14197.11
05.10.2021 19:00:00 +02:00,18400.88,14375.19
05.10.2021 20:00:00 +02:00,17469.80,14217.95
05.10.2021 21:00:00 +02:00,17388.09,13994.96
05.10.2021 22:00:00 +02:00,16785.87,13528.34
05.10.2021 23:00:00 +02:00,14666.23,12885.57
06.10.2021 00:00:00 +02:00,12999.53,12505.28
06.10.2021 01:00:00 +02:00,12191.30,12221.49
06.10.2021 02:00:00 +02:00,11622.65,12150.07
06.10.2021 03:00:00 +02:00,11243.44,11522.63
06.10.2021 04:00:00 +02:00,11727.19,12117.18
06.10.2021 05:00:00 +02:00,13337.25,12333.89
06.10.2021 06:00:00 +02:00,16180.84,13232.50
06.10.2021 07:00:00 +02:00,18084.94,14275.40
06.10.2021 08:00:00 +02:00,19154.15,14599.80
06.10.2021 09:00:00 +02:00,19287.90,14626.06
06.10.2021 10:00:00 +02:00,18938.80,14569.43
06.10.2021 11:00:00 +02:00,18556.14,14242.50
06.10.2021 12:00:00 +02:00,18882.59,14394.90
06.10.2021 13:00:00 +02:00,18886.95,14304.43
06.10.2021 14:00:00 +02:00,19031.38,14417.78
06.10.2021 15:00:00 +02:00,19343.65,14392.30
06.10.2021 16:00:00 +02:00,19197.69,14506.74
06.10.2021 17:00:00 +02:00,19473.70,14430.30
06.10.2021 18:00:00 +02:00,20083.77,14474.36
06.10.2021 19:00:00 +02:00,20252.20,14556.14
06.10.2021 20:00:00 +02:00,19661.09,14412.01
06.10.2021 21:00:00 +02:00,19091.91,13924.43
06.10.2021 22:00:00 +02:00,18521.57,13670.63
06.10.2021 23:00:00 +02:00,17903.59,13004.65
07.10.2021 00:00:00 +02:00,17343.67,12608.89
07.10.2021 01:00:00 +02:00,17155.30,12336.31
07.10.2021 02:00:00 +02:00,17007.87,12290.92
07.10.2021 03:00:00 +02:00,16817.44,12206.89
07.10.2021 04:00:00 +02:00,16970.78,12242.71
07.10.2021 05:00:00 +02:00,17749.87,12597.36
07.10.2021 06:00:00 +02:00,19081.71,13525.19
07.10.2021 07:00:00 +02:00,19636.17,14510.06
07.10.2021 08:00:00 +02:00,20116.41,14924.92
07.10.2021 09:00:00 +02:00,19542.82,14904.17
07.10.2021 10:00:00 +02:00,19294.77,14360.67
07.10.2021 11:00:00 +02:00,19070.75,14763.49
07.10.2021 12:00:00 +02:00,18585.73,14728.88
07.10.2021 13:00:00 +02:00,17911.43,14151.97
07.10.2021 14:00:00 +02:00,17588.10,14180.25
07.10.2021 15:00:00 +02:00,18412.11,14717.54
07.10.2021 16:00:00 +02:00,19347.82,14741.47
07.10.2021 17:00:00 +02:00,20092.93,14700.18
07.10.2021 18:00:00 +02:00,20732.56,14757.11
07.10.2021 19:00:00 +02:00,20993.04,14800.35
07.10.2021 20:00:00 +02:00,20102.05,14595.53
07.10.2021 21:00:00 +02:00,19398.68,14306.58
07.10.2021 22:00:00 +02:00,18911.28,13816.41
07.10.2021 23:00:00 +02:00,18326.48,12942.77
08.10.2021 00:00:00 +02:00,17956.23,12616.17
08.10.2021 01:00:00 +02:00,17660.05,12341.07
08.10.2021 02:00:00 +02:00,17386.52,12148.49
08.10.2021 03:00:00 +02:00,17303.86,12039.60
08.10.2021 04:00:00 +02:00,17142.22,12025.03
08.10.2021 05:00:00 +02:00,17317.07,12283.11
08.10.2021 06:00:00 +02:00,17959.51,13087.99
08.10.2021 07:00:00 +02:00,18891.35,14130.31
08.10.2021 08:00:00 +02:00,19331.38,14472.83
08.10.2021 09:00:00 +02:00,19414.21,14568.03
08.10.2021 10:00:00 +02:00,19170.20,14503.27
08.10.2021 11:00:00 +02:00,19009.13,14578.91
08.10.2021 12:00:00 +02:00,18698.39,14479.19
08.10.2021 13:00:00 +02:00,18414.29,14458.16
08.10.2021 14:00:00 +02:00,18245.66,14379.56
08.10.2021 15:00:00 +02:00,18428.83,14389.96
08.10.2021 16:00:00 +02:00,18908.25,14427.15
08.10.2021 17:00:00 +02:00,19335.20,14404.79
08.10.2021 18:00:00 +02:00,19547.77,14451.10
08.10.2021 19:00:00 +02:00,19221.96,14429.24
08.10.2021 20:00:00 +02:00,18446.00,14089.07
08.10.2021 21:00:00 +02:00,17819.11,13672.08
08.10.2021 22:00:00 +02:00,17370.60,13165.57
08.10.2021 23:00:00 +02:00,17031.98,12757.52
09.10.2021 00:00:00 +02:00,16991.67,12242.47
09.10.2021 01:00:00 +02:00,16523.71,11995.28
09.10.2021 02:00:00 +02:00,16450.46,11835.00
09.10.2021 03:00:00 +02:00,16490.96,11735.06
09.10.2021 04:00:00 +02:00,16629.49,11756.93
09.10.2021 05:00:00 +02:00,16720.64,11786.73
09.10.2021 06:00:00 +02:00,17119.57,11954.58
09.10.2021 07:00:00 +02:00,17246.64,12250.18
09.10.2021 08:00:00 +02:00,17470.56,12643.11
09.10.2021 09:00:00 +02:00,17639.70,13135.56
09.10.2021 10:00:00 +02:00,17048.09,13390.94
09.10.2021 11:00:00 +02:00,15959.15,13468.67
09.10.2021 12:00:00 +02:00,14370.99,13415.33
09.10.2021 13:00:00 +02:00,13061.79,13125.12
09.10.2021 14:00:00 +02:00,13061.92,13193.62
09.10.2021 15:00:00 +02:00,14349.80,13090.58
09.10.2021 16:00:00 +02:00,15920.39,13187.91
09.10.2021 17:00:00 +02:00,17570.72,13413.34
09.10.2021 18:00:00 +02:00,18326.10,13661.40
09.10.2021 19:00:00 +02:00,17870.26,13697.25
09.10.2021 20:00:00 +02:00,16984.35,13334.79
09.10.2021 21:00:00 +02:00,16738.97,13037.30
09.10.2021 22:00:00 +02:00,16152.49,12751.62
09.10.2021 23:00:00 +02:00,14814.50,11775.80
10.10.2021 00:00:00 +02:00,14676.52,12158.97
10.10.2021 01:00:00 +02:00,14742.13,11942.62
10.10.2021 02:00:00 +02:00,14387.96,11848.11
10.10.2021 03:00:00 +02:00,13951.84,11775.40
10.10.2021 04:00:00 +02:00,13872.76,11765.24
10.10.2021 05:00:00 +02:00,14495.76,11795.50
10.10.2021 06:00:00 +02:00,15324.87,11903.70
10.10.2021 07:00:00 +02:00,15923.94,12129.29
10.10.2021 08:00:00 +02:00,16603.58,12404.32
10.10.2021 09:00:00 +02:00,17220.69,12875.72
10.10.2021 10:00:00 +02:00,16960.24,13223.05
10.10.2021 11:00:00 +02:00,16223.43,13388.56
10.10.2021 12:00:00 +02:00,15237.75,12995.51
10.10.2021 13:00:00 +02:00,13784.35,13411.85
10.10.2021 14:00:00 +02:00,13811.61,13493.84
10.10.2021 15:00:00 +02:00,15191.74,13522.15
10.10.2021 16:00:00 +02:00,16717.19,13565.19
10.10.2021 17:00:00 +02:00,17969.17,13684.69
10.10.2021 18:00:00 +02:00,18170.72,13915.91
10.10.2021 19:00:00 +02:00,17957.00,14020.44
10.10.2021 20:00:00 +02:00,17651.81,13921.22
10.10.2021 21:00:00 +02:00,17225.22,13757.15
10.10.2021 22:00:00 +02:00,16937.08,13522.83
10.10.2021 23:00:00 +02:00,16453.54,12893.50
11.10.2021 00:00:00 +02:00,15671.62,429.72
11.10.2021 01:00:00 +02:00,14927.70,4127.34
11.10.2021 02:00:00 +02:00,13253.99,11554.16
11.10.2021 03:00:00 +02:00,13099.20,10562.74
11.10.2021 04:00:00 +02:00,13394.11,12488.28
11.10.2021 05:00:00 +02:00,14887.75,11965.18
11.10.2021 06:00:00 +02:00,17157.71,13663.56
11.10.2021 07:00:00 +02:00,19114.31,15163.32
11.10.2021 08:00:00 +02:00,19902.32,15507.11
11.10.2021 09:00:00 +02:00,19720.91,15430.87
11.10.2021 10:00:00 +02:00,19062.15,15259.45
11.10.2021 11:00:00 +02:00,18109.53,14890.86
11.10.2021 12:00:00 +02:00,17230.65,12985.13
11.10.2021 13:00:00 +02:00,16628.26,13877.45
11.10.2021 14:00:00 +02:00,16113.80,14586.06
11.10.2021 15:00:00 +02:00,16233.74,13861.98
11.10.2021 16:00:00 +02:00,16499.78,14236.33
11.10.2021 17:00:00 +02:00,17483.88,14739.37
11.10.2021 18:00:00 +02:00,18375.98,14898.66
11.10.2021 19:00:00 +02:00,18253.78,14791.06
11.10.2021 20:00:00 +02:00,17220.91,14721.88
11.10.2021 21:00:00 +02:00,16130.79,14964.38
11.10.2021 22:00:00 +02:00,15389.56,14524.44
11.10.2021 23:00:00 +02:00,14600.83,13504.91
12.10.2021 00:00:00 +02:00,14271.51,12781.69
12.10.2021 01:00:00 +02:00,13755.70,13012.26
12.10.2021 02:00:00 +02:00,13384.08,12664.12
12.10.2021 03:00:00 +02:00,13524.12,12236.90
12.10.2021 04:00:00 +02:00,14038.76,12980.42
12.10.2021 05:00:00 +02:00,15640.36,11779.64
12.10.2021 06:00:00 +02:00,18475.65,14735.95
12.10.2021 07:00:00 +02:00,20887.18,15650.77
12.10.2021 08:00:00 +02:00,21356.31,15459.74
12.10.2021 09:00:00 +02:00,20917.97,15803.80
12.10.2021 10:00:00 +02:00,20567.07,13944.97
12.10.2021 11:00:00 +02:00,20153.45,14734.44
12.10.2021 12:00:00 +02:00,19638.31,15185.05
12.10.2021 13:00:00 +02:00,19350.50,15026.50
12.10.2021 14:00:00 +02:00,19490.51,14417.56
12.10.2021 15:00:00 +02:00,19451.19,13907.43
12.10.2021 16:00:00 +02:00,20046.36,13575.33
12.10.2021 17:00:00 +02:00,20520.54,14422.67
12.10.2021 18:00:00 +02:00,20495.88,15451.14
12.10.2021 19:00:00 +02:00,20750.08,15630.74
12.10.2021 20:00:00 +02:00,19785.34,15043.97
12.10.2021 21:00:00 +02:00,19081.52,15036.90
12.10.2021 22:00:00 +02:00,18248.10,14819.06
12.10.2021 23:00:00 +02:00,17331.85,13788.66
13.10.2021 00:00:00 +02:00,17227.94,13773.15
13.10.2021 01:00:00 +02:00,16856.09,13523.41
13.10.2021 02:00:00 +02:00,16845.78,13411.49
13.10.2021 03:00:00 +02:00,16773.47,13428.48
13.10.2021 04:00:00 +02:00,16701.04,13521.27
13.10.2021 05:00:00 +02:00,17073.41,13887.16
13.10.2021 06:00:00 +02:00,19646.62,14924.51
13.10.2021 07:00:00 +02:00,21133.77,15846.91
13.10.2021 08:00:00 +02:00,21436.28,16372.54
13.10.2021 09:00:00 +02:00,21562.60,16416.05
13.10.2021 10:00:00 +02:00,21491.41,16279.64
13.10.2021 11:00:00 +02:00,21305.05,16012.01
13.10.2021 12:00:00 +02:00,21302.19,15669.55
13.10.2021 13:00:00 +02:00,21248.43,15749.77
13.10.2021 14:00:00 +02:00,21112.63,13681.09
13.10.2021 15:00:00 +02:00,21067.92,15870.04
13.10.2021 16:00:00 +02:00,21281.90,15456.45
13.10.2021 17:00:00 +02:00,22101.87,12263.07
13.10.2021 18:00:00 +02:00,22634.16,16114.28
13.10.2021 19:00:00 +02:00,22536.62,16081.36
13.10.2021 20:00:00 +02:00,22014.98,15793.97
13.10.2021 21:00:00 +02:00,21023.73,15423.28
13.10.2021 22:00:00 +02:00,19691.10,14958.35
13.10.2021 23:00:00 +02:00,17563.94,14323.60
14.10.2021 00:00:00 +02:00,16194.95,13132.44
14.10.2021 01:00:00 +02:00,15271.05,12324.30
14.10.2021 02:00:00 +02:00,14295.74,12627.30
14.10.2021 03:00:00 +02:00,14398.92,12838.11
14.10.2021 04:00:00 +02:00,14499.42,12246.01
14.10.2021 05:00:00 +02:00,15324.65,13431.29
14.10.2021 06:00:00 +02:00,17655.78,14588.72
14.10.2021 07:00:00 +02:00,19566.89,15721.27
14.10.2021 08:00:00 +02:00,20335.59,16036.56
14.10.2021 09:00:00 +02:00,20122.84,16044.66
14.10.2021 10:00:00 +02:00,20081.57,15557.64
14.10.2021 11:00:00 +02:00,19819.25,15773.84
14.10.2021 12:00:00 +02:00,18197.98,15412.96
14.10.2021 13:00:00 +02:00,17491.55,14774.90
14.10.2021 14:00:00 +02:00,16763.12,15403.78
14.10.2021 15:00:00 +02:00,16122.33,15404.74
14.10.2021 16:00:00 +02:00,15779.20,15220.96
14.10.2021 17:00:00 +02:00,15894.42,14298.74
14.10.2021 18:00:00 +02:00,16290.07,15558.30
14.10.2021 19:00:00 +02:00,15838.95,15701.28
14.10.2021 20:00:00 +02:00,15145.39,15596.25
14.10.2021 21:00:00 +02:00,14554.86,14779.62
14.10.2021 22:00:00 +02:00,13568.48,14283.25
14.10.2021 23:00:00 +02:00,12784.76,13774.04
15.10.2021 00:00:00 +02:00,12429.14,12191.85
15.10.2021 01:00:00 +02:00,12005.76,12155.65
15.10.2021 02:00:00 +02:00,11754.02,12532.79
15.10.2021 03:00:00 +02:00,11640.05,13422.48
15.10.2021 04:00:00 +02:00,11918.23,13476.17
15.10.2021 05:00:00 +02:00,12842.31,13767.21
15.10.2021 06:00:00 +02:00,14244.54,14699.22
15.10.2021 07:00:00 +02:00,15909.45,15345.88
15.10.2021 08:00:00 +02:00,16297.16,15982.13
15.10.2021 09:00:00 +02:00,15566.44,16259.91
15.10.2021 10:00:00 +02:00,14482.11,15591.23
15.10.2021 11:00:00 +02:00,13561.12,15867.24
15.10.2021 12:00:00 +02:00,12555.98,15695.29
15.10.2021 13:00:00 +02:00,11969.15,15653.94
15.10.2021 14:00:00 +02:00,12664.62,15002.42
15.10.2021 15:00:00 +02:00,13387.36,15213.59
15.10.2021 16:00:00 +02:00,14111.23,14917.18
15.10.2021 17:00:00 +02:00,14652.56,14975.88
15.10.2021 18:00:00 +02:00,15379.78,14428.56
15.10.2021 19:00:00 +02:00,15080.73,13913.77
15.10.2021 20:00:00 +02:00,14450.65,14954.00
15.10.2021 21:00:00 +02:00,14536.02,15155.63
15.10.2021 22:00:00 +02:00,14436.06,12931.19
15.10.2021 23:00:00 +02:00,14080.78,12785.66
16.10.2021 00:00:00 +02:00,14202.71,13598.35
16.10.2021 01:00:00 +02:00,14352.00,13394.75
16.10.2021 02:00:00 +02:00,14343.71,13258.26
16.10.2021 03:00:00 +02:00,14762.81,13464.31
16.10.2021 04:00:00 +02:00,15012.98,13624.21
16.10.2021 05:00:00 +02:00,14965.15,13656.63
16.10.2021 06:00:00 +02:00,15108.30,13982.45
16.10.2021 07:00:00 +02:00,15606.83,13964.10
16.10.2021 08:00:00 +02:00,15440.57,14610.50
16.10.2021 09:00:00 +02:00,15672.34,15383.30
16.10.2021 10:00:00 +02:00,15326.59,15341.06
16.10.2021 11:00:00 +02:00,14931.53,15223.47
16.10.2021 12:00:00 +02:00,14368.49,14755.20
16.10.2021 13:00:00 +02:00,14049.63,14905.35
16.10.2021 14:00:00 +02:00,14077.15,14744.00
16.10.2021 15:00:00 +02:00,14815.92,14632.84
16.10.2021 16:00:00 +02:00,16129.72,12710.92
16.10.2021 17:00:00 +02:00,17348.04,14941.34
16.10.2021 18:00:00 +02:00,18033.79,15549.79
16.10.2021 19:00:00 +02:00,17346.02,15303.13
16.10.2021 20:00:00 +02:00,17187.31,15241.50
16.10.2021 21:00:00 +02:00,16471.83,13997.26
16.10.2021 22:00:00 +02:00,16119.94,14485.42
16.10.2021 23:00:00 +02:00,15451.69,14443.98
17.10.2021 00:00:00 +02:00,14882.16,14149.31
17.10.2021 01:00:00 +02:00,15110.05,13706.53
17.10.2021 02:00:00 +02:00,15090.51,13601.51
17.10.2021 03:00:00 +02:00,15562.41,13816.22
17.10.2021 04:00:00 +02:00,15818.43,13787.99
17.10.2021 05:00:00 +02:00,16104.97,13374.87
17.10.2021 06:00:00 +02:00,16120.17,13950.23
17.10.2021 07:00:00 +02:00,17161.57,14529.11
17.10.2021 08:00:00 +02:00,17758.63,14889.83
17.10.2021 09:00:00 +02:00,18083.93,15208.13
17.10.2021 10:00:00 +02:00,18102.11,15326.67
17.10.2021 11:00:00 +02:00,17794.70,15158.55
17.10.2021 12:00:00 +02:00,17701.01,14979.75
17.10.2021 13:00:00 +02:00,17161.02,14789.20
17.10.2021 14:00:00 +02:00,16454.93,14715.85
17.10.2021 15:00:00 +02:00,16662.73,14709.26
17.10.2021 16:00:00 +02:00,17004.99,14811.23
17.10.2021 17:00:00 +02:00,17704.10,15091.22
17.10.2021 18:00:00 +02:00,18811.64,15603.75
17.10.2021 19:00:00 +02:00,19116.29,15903.85
17.10.2021 20:00:00 +02:00,18584.83,15883.46
17.10.2021 21:00:00 +02:00,17680.24,15732.69
17.10.2021 22:00:00 +02:00,17195.68,15417.97
17.10.2021 23:00:00 +02:00,16796.62,14717.85
18.10.2021 00:00:00 +02:00,16428.71,14581.91
18.10.2021 01:00:00 +02:00,16281.77,14357.06
18.10.2021 02:00:00 +02:00,16337.42,14312.42
18.10.2021 03:00:00 +02:00,16611.92,14314.57
18.10.2021 04:00:00 +02:00,17578.61,14427.19
18.10.2021 05:00:00 +02:00,18075.58,14954.54
18.10.2021 06:00:00 +02:00,20613.17,16192.63
18.10.2021 07:00:00 +02:00,21798.42,17447.92
18.10.2021 08:00:00 +02:00,22172.84,17419.08
18.10.2021 09:00:00 +02:00,22276.81,17545.83
18.10.2021 10:00:00 +02:00,22732.56,15553.30
18.10.2021 11:00:00 +02:00,22864.37,16957.55
18.10.2021 12:00:00 +02:00,22677.47,16783.62
18.10.2021 13:00:00 +02:00,22040.09,16609.64
18.10.2021 14:00:00 +02:00,21866.31,16574.99
18.10.2021 15:00:00 +02:00,21953.17,16580.96
18.10.2021 16:00:00 +02:00,22336.72,16422.08
18.10.2021 17:00:00 +02:00,23338.98,16722.69
18.10.2021 18:00:00 +02:00,23717.87,16931.39
18.10.2021 19:00:00 +02:00,23751.79,16989.31
18.10.2021 20:00:00 +02:00,23019.35,16775.28
18.10.2021 21:00:00 +02:00,22394.76,16413.96
18.10.2021 22:00:00 +02:00,20854.99,15867.67
18.10.2021 23:00:00 +02:00,18974.69,12678.69
19.10.2021 00:00:00 +02:00,17950.17,14642.37
19.10.2021 01:00:00 +02:00,17453.98,14048.63
19.10.2021 02:00:00 +02:00,16931.72,14164.90
19.10.2021 03:00:00 +02:00,15931.76,14197.83
19.10.2021 04:00:00 +02:00,16275.23,14233.83
19.10.2021 05:00:00 +02:00,17981.75,14185.85
19.10.2021 06:00:00 +02:00,21808.49,15278.04
19.10.2021 07:00:00 +02:00,23359.80,16999.85
19.10.2021 08:00:00 +02:00,23336.98,17276.32
19.10.2021 09:00:00 +02:00,23228.03,17148.39
19.10.2021 10:00:00 +02:00,23103.67,16254.48
19.10.2021 11:00:00 +02:00,23066.74,17115.19
19.10.2021 12:00:00 +02:00,23070.99,16928.88
19.10.2021 13:00:00 +02:00,22959.21,16985.52
19.10.2021 14:00:00 +02:00,22745.04,16985.59
19.10.2021 15:00:00 +02:00,22089.97,15321.21
19.10.2021 16:00:00 +02:00,21438.44,17104.25
19.10.2021 17:00:00 +02:00,21695.54,17033.06
19.10.2021 18:00:00 +02:00,21514.88,17057.50
19.10.2021 19:00:00 +02:00,20738.24,15204.06
19.10.2021 20:00:00 +02:00,18446.68,16312.42
19.10.2021 21:00:00 +02:00,15665.99,16192.53
19.10.2021 22:00:00 +02:00,14185.36,15726.11
19.10.2021 23:00:00 +02:00,13015.84,14877.31
20.10.2021 00:00:00 +02:00,11354.87,14542.94
20.10.2021 01:00:00 +02:00,10440.38,14276.20
20.10.2021 02:00:00 +02:00,9517.02,14050.92
20.10.2021 03:00:00 +02:00,8937.84,13951.95
20.10.2021 04:00:00 +02:00,9042.78,14023.89
20.10.2021 05:00:00 +02:00,10444.65,14346.22
20.10.2021 06:00:00 +02:00,12949.35,15347.98
20.10.2021 07:00:00 +02:00,15870.86,16564.31
20.10.2021 08:00:00 +02:00,16519.71,16650.34
20.10.2021 09:00:00 +02:00,15802.85,16532.80
20.10.2021 10:00:00 +02:00,15319.75,16442.51
20.10.2021 11:00:00 +02:00,15166.97,16306.47
20.10.2021 12:00:00 +02:00,14769.28,15666.30
20.10.2021 13:00:00 +02:00,14680.45,15956.05
20.10.2021 14:00:00 +02:00,14755.49,16106.59
20.10.2021 15:00:00 +02:00,14568.16,15007.61
20.10.2021 16:00:00 +02:00,14640.63,15883.64
20.10.2021 17:00:00 +02:00,16057.11,16189.18
20.10.2021 18:00:00 +02:00,17222.89,16276.00
20.10.2021 19:00:00 +02:00,17089.49,16253.21
20.10.2021 20:00:00 +02:00,15888.39,16092.25
20.10.2021 21:00:00 +02:00,14860.60,15827.04
20.10.2021 22:00:00 +02:00,14103.19,15086.71
20.10.2021 23:00:00 +02:00,13149.22,14030.53
21.10.2021 00:00:00 +02:00,12468.04,13539.80
21.10.2021 01:00:00 +02:00,11604.98,13948.02
21.10.2021 02:00:00 +02:00,10845.96,13830.87
21.10.2021 03:00:00 +02:00,10692.92,13843.16
21.10.2021 04:00:00 +02:00,11105.76,13900.50
21.10.2021 05:00:00 +02:00,12050.01,14182.28
21.10.2021 06:00:00 +02:00,14623.17,15311.54
21.10.2021 07:00:00 +02:00,17143.31,16555.40
21.10.2021 08:00:00 +02:00,18114.86,16789.32
21.10.2021 09:00:00 +02:00,18281.11,16253.73
21.10.2021 10:00:00 +02:00,17544.83,15621.98
21.10.2021 11:00:00 +02:00,16549.34,16538.75
21.10.2021 12:00:00 +02:00,16409.28,15814.08
21.10.2021 13:00:00 +02:00,16176.00,16265.58
21.10.2021 14:00:00 +02:00,15887.03,15937.78
21.10.2021 15:00:00 +02:00,15918.95,16005.92
21.10.2021 16:00:00 +02:00,16073.57,16453.55
21.10.2021 17:00:00 +02:00,16680.72,14954.78
21.10.2021 18:00:00 +02:00,17397.95,16796.48
21.10.2021 19:00:00 +02:00,17411.15,16768.46
21.10.2021 20:00:00 +02:00,16835.73,16630.06
21.10.2021 21:00:00 +02:00,16153.51,16451.10
21.10.2021 22:00:00 +02:00,15155.61,15987.29
21.10.2021 23:00:00 +02:00,13744.59,15444.18
22.10.2021 00:00:00 +02:00,12928.77,14642.15
22.10.2021 01:00:00 +02:00,12356.35,14528.08
22.10.2021 02:00:00 +02:00,11975.31,13216.35
22.10.2021 03:00:00 +02:00,11366.36,13887.38
22.10.2021 04:00:00 +02:00,11351.90,14479.69
22.10.2021 05:00:00 +02:00,12192.18,14855.19
22.10.2021 06:00:00 +02:00,15409.95,15910.76
22.10.2021 07:00:00 +02:00,17237.78,16640.96
22.10.2021 08:00:00 +02:00,17892.72,17356.15
22.10.2021 09:00:00 +02:00,17293.31,17245.29
22.10.2021 10:00:00 +02:00,16436.62,17312.39
22.10.2021 11:00:00 +02:00,15886.72,16514.71
22.10.2021 12:00:00 +02:00,14882.14,16811.25
22.10.2021 13:00:00 +02:00,14792.01,11963.77
22.10.2021 14:00:00 +02:00,14627.49,16481.45
22.10.2021 15:00:00 +02:00,14819.32,16378.01
22.10.2021 16:00:00 +02:00,15091.38,15875.24
22.10.2021 17:00:00 +02:00,15666.25,16577.14
22.10.2021 18:00:00 +02:00,16366.29,15317.06
22.10.2021 19:00:00 +02:00,16114.80,15767.99
22.10.2021 20:00:00 +02:00,15359.42,14906.84
22.10.2021 21:00:00 +02:00,14839.05,14577.80
22.10.2021 22:00:00 +02:00,13857.27,14218.87
22.10.2021 23:00:00 +02:00,12673.59,14150.29
23.10.2021 00:00:00 +02:00,11934.60,13597.11
23.10.2021 01:00:00 +02:00,11244.43,13765.65
23.10.2021 02:00:00 +02:00,11138.57,14335.91
23.10.2021 03:00:00 +02:00,11446.22,14267.90
23.10.2021 04:00:00 +02:00,12134.80,14336.79
23.10.2021 05:00:00 +02:00,12875.28,14445.67
23.10.2021 06:00:00 +02:00,14342.48,12973.43
23.10.2021 07:00:00 +02:00,16436.65,14951.48
23.10.2021 08:00:00 +02:00,17905.44,14708.26
23.10.2021 09:00:00 +02:00,18642.42,16180.61
23.10.2021 10:00:00 +02:00,18878.18,16342.08
23.10.2021 11:00:00 +02:00,18898.17,16086.36
23.10.2021 12:00:00 +02:00,18595.41,15556.11
23.10.2021 13:00:00 +02:00,18621.19,15560.01
23.10.2021 14:00:00 +02:00,18959.17,15391.19
23.10.2021 15:00:00 +02:00,19014.92,15357.11
23.10.2021 16:00:00 +02:00,19974.57,15504.44
23.10.2021 17:00:00 +02:00,22235.98,15847.23
23.10.2021 18:00:00 +02:00,23443.78,16232.17
23.10.2021 19:00:00 +02:00,23310.33,16151.79
23.10.2021 20:00:00 +02:00,22387.13,15780.56
23.10.2021 21:00:00 +02:00,21638.03,15435.70
23.10.2021 22:00:00 +02:00,20396.06,15131.11
23.10.2021 23:00:00 +02:00,19432.78,14723.30
24.10.2021 00:00:00 +02:00,18556.93,14169.58
24.10.2021 01:00:00 +02:00,17566.59,13235.50
24.10.2021 02:00:00 +02:00,16467.80,14001.51
24.10.2021 03:00:00 +02:00,16140.48,13418.18
24.10.2021 04:00:00 +02:00,15378.96,13850.95
24.10.2021 05:00:00 +02:00,14492.84,13803.28
24.10.2021 06:00:00 +02:00,13646.64,13866.04
24.10.2021 07:00:00 +02:00,15429.40,13912.03
24.10.2021 08:00:00 +02:00,16024.00,14025.29
24.10.2021 09:00:00 +02:00,16185.93,14168.39
24.10.2021 10:00:00 +02:00,16241.15,14479.55
24.10.2021 11:00:00 +02:00,16423.41,15118.43
24.10.2021 12:00:00 +02:00,15691.00,13284.88
24.10.2021 13:00:00 +02:00,15138.78,15276.64
24.10.2021 14:00:00 +02:00,14777.62,15314.12
24.10.2021 15:00:00 +02:00,15745.32,15336.08
24.10.2021 16:00:00 +02:00,17357.31,14354.65
24.10.2021 17:00:00 +02:00,18980.66,15295.03
24.10.2021 18:00:00 +02:00,18978.02,15714.00
24.10.2021 19:00:00 +02:00,18483.62,15351.93
24.10.2021 20:00:00 +02:00,17630.58,14179.14
24.10.2021 21:00:00 +02:00,16356.75,14903.00
24.10.2021 22:00:00 +02:00,14996.73,13802.28
24.10.2021 23:00:00 +02:00,14221.39,14169.58
25.10.2021 00:00:00 +02:00,14356.75,13586.31
25.10.2021 01:00:00 +02:00,14469.23,13472.88
25.10.2021 02:00:00 +02:00,14827.72,12029.32
25.10.2021 03:00:00 +02:00,14535.07,11534.52
25.10.2021 04:00:00 +02:00,15204.15,13380.13
25.10.2021 05:00:00 +02:00,16560.08,13710.15
25.10.2021 06:00:00 +02:00,17954.01,14765.21
25.10.2021 07:00:00 +02:00,19732.71,16002.41
25.10.2021 08:00:00 +02:00,20448.06,16044.00
25.10.2021 09:00:00 +02:00,20959.85,16232.38
25.10.2021 10:00:00 +02:00,20677.47,16218.50
25.10.2021 11:00:00 +02:00,20440.79,16104.26
25.10.2021 12:00:00 +02:00,20349.90,16040.98
25.10.2021 13:00:00 +02:00,20168.02,15904.60
25.10.2021 14:00:00 +02:00,20056.54,15925.94
25.10.2021 15:00:00 +02:00,20559.91,15969.62
25.10.2021 16:00:00 +02:00,21046.24,16018.40
25.10.2021 17:00:00 +02:00,21391.00,16039.88
25.10.2021 18:00:00 +02:00,21261.07,16132.64
25.10.2021 19:00:00 +02:00,20268.88,16034.02
25.10.2021 20:00:00 +02:00,19006.49,15265.82
25.10.2021 21:00:00 +02:00,18286.06,14633.41
25.10.2021 22:00:00 +02:00,17504.41,14189.36
25.10.2021 23:00:00 +02:00,16687.94,12189.26
26.10.2021 00:00:00 +02:00,15635.70,13241.08
26.10.2021 01:00:00 +02:00,15712.63,13372.51
26.10.2021 02:00:00 +02:00,15609.07,12784.04
26.10.2021 03:00:00 +02:00,15720.23,12952.09
26.10.2021 04:00:00 +02:00,16124.27,12184.64
26.10.2021 05:00:00 +02:00,16840.56,13875.45
26.10.2021 06:00:00 +02:00,18461.40,15045.10
26.10.2021 07:00:00 +02:00,19693.43,16346.07
26.10.2021 08:00:00 +02:00,20070.03,16455.73
26.10.2021 09:00:00 +02:00,20043.56,16609.85
26.10.2021 10:00:00 +02:00,20106.81,14229.71
26.10.2021 11:00:00 +02:00,19715.70,15531.97
26.10.2021 12:00:00 +02:00,19433.56,15830.38
26.10.2021 13:00:00 +02:00,19367.60,15575.27
26.10.2021 14:00:00 +02:00,19398.84,15842.06
26.10.2021 15:00:00 +02:00,19098.01,15845.22
26.10.2021 16:00:00 +02:00,19917.79,16016.82
26.10.2021 17:00:00 +02:00,20483.19,15944.41
26.10.2021 18:00:00 +02:00,20405.46,16349.68
26.10.2021 19:00:00 +02:00,20421.89,16306.02
26.10.2021 20:00:00 +02:00,19243.97,16202.51
26.10.2021 21:00:00 +02:00,18196.67,15679.33
26.10.2021 22:00:00 +02:00,16774.74,14954.36
26.10.2021 23:00:00 +02:00,15618.77,14119.53
27.10.2021 00:00:00 +02:00,14910.67,13126.60
27.10.2021 01:00:00 +02:00,14498.76,13726.81
27.10.2021 02:00:00 +02:00,14591.69,13054.55
27.10.2021 03:00:00 +02:00,14204.40,13160.32
27.10.2021 04:00:00 +02:00,13687.96,13417.21
27.10.2021 05:00:00 +02:00,13978.13,12965.44
27.10.2021 06:00:00 +02:00,15613.51,13910.16
27.10.2021 07:00:00 +02:00,17245.39,13593.29
27.10.2021 08:00:00 +02:00,17214.70,14893.82
27.10.2021 09:00:00 +02:00,17045.86,15324.54
27.10.2021 10:00:00 +02:00,17002.76,15052.51
27.10.2021 11:00:00 +02:00,17105.32,15951.02
27.10.2021 12:00:00 +02:00,17225.66,15473.06
27.10.2021 13:00:00 +02:00,17110.98,11418.91
27.10.2021 14:00:00 +02:00,16947.69,14603.62
27.10.2021 15:00:00 +02:00,16750.86,15642.51
27.10.2021 16:00:00 +02:00,16990.01,15550.72
27.10.2021 17:00:00 +02:00,17122.16,14868.62
27.10.2021 18:00:00 +02:00,16939.20,15546.40
27.10.2021 19:00:00 +02:00,16964.58,15956.80
27.10.2021 20:00:00 +02:00,16668.95,15725.17
27.10.2021 21:00:00 +02:00,16085.98,14681.07
27.10.2021 22:00:00 +02:00,15210.99,13433.69
27.10.2021 23:00:00 +02:00,14165.29,13398.79
28.10.2021 00:00:00 +02:00,13859.46,12369.87
28.10.2021 01:00:00 +02:00,13511.62,12953.71
28.10.2021 02:00:00 +02:00,13407.64,13025.08
28.10.2021 03:00:00 +02:00,13258.22,13000.21
28.10.2021 04:00:00 +02:00,13580.23,12994.35
28.10.2021 05:00:00 +02:00,14236.88,12141.87
28.10.2021 06:00:00 +02:00,15476.29,14420.35
28.10.2021 07:00:00 +02:00,16823.70,15636.42
28.10.2021 08:00:00 +02:00,17162.21,14300.09
28.10.2021 09:00:00 +02:00,17029.69,15248.21
28.10.2021 10:00:00 +02:00,16797.55,15246.06
28.10.2021 11:00:00 +02:00,16533.76,14614.83
28.10.2021 12:00:00 +02:00,16446.28,15126.49
28.10.2021 13:00:00 +02:00,16524.76,15661.58
28.10.2021 14:00:00 +02:00,16573.97,15707.84
28.10.2021 15:00:00 +02:00,16871.64,14906.96
28.10.2021 16:00:00 +02:00,17507.17,15838.84
28.10.2021 17:00:00 +02:00,18733.28,15870.03
28.10.2021 18:00:00 +02:00,18528.47,15599.24
28.10.2021 19:00:00 +02:00,17682.87,15705.00
28.10.2021 20:00:00 +02:00,17008.48,15217.93
28.10.2021 21:00:00 +02:00,16088.75,14184.35
28.10.2021 22:00:00 +02:00,15253.13,12309.86
28.10.2021 23:00:00 +02:00,13822.67,14235.64
29.10.2021 00:00:00 +02:00,13766.87,13376.04
29.10.2021 01:00:00 +02:00,13387.92,13296.73
29.10.2021 02:00:00 +02:00,13347.56,13190.30
29.10.2021 03:00:00 +02:00,13104.35,12914.35
29.10.2021 04:00:00 +02:00,13557.90,13105.23
29.10.2021 05:00:00 +02:00,14876.18,12879.68
29.10.2021 06:00:00 +02:00,16725.01,14293.35
29.10.2021 07:00:00 +02:00,18659.03,15132.68
29.10.2021 08:00:00 +02:00,18721.28,15819.65
29.10.2021 09:00:00 +02:00,18488.87,15723.70
29.10.2021 10:00:00 +02:00,18427.03,15667.58
29.10.2021 11:00:00 +02:00,18195.21,15061.19
29.10.2021 12:00:00 +02:00,17668.85,15475.62
29.10.2021 13:00:00 +02:00,17436.61,14402.79
29.10.2021 14:00:00 +02:00,17625.02,14418.92
29.10.2021 15:00:00 +02:00,17948.44,15467.72
29.10.2021 16:00:00 +02:00,18290.55,14773.91
29.10.2021 17:00:00 +02:00,18802.51,15661.05
29.10.2021 18:00:00 +02:00,19100.75,15629.87
29.10.2021 19:00:00 +02:00,18303.09,15191.73
29.10.2021 20:00:00 +02:00,17281.15,14869.52
29.10.2021 21:00:00 +02:00,16444.34,14549.36
29.10.2021 22:00:00 +02:00,15655.28,14149.36
29.10.2021 23:00:00 +02:00,14839.70,13247.30
30.10.2021 00:00:00 +02:00,13868.27,13599.40
30.10.2021 01:00:00 +02:00,13972.58,12757.77
30.10.2021 02:00:00 +02:00,13876.35,12322.91
30.10.2021 03:00:00 +02:00,13746.20,12780.78
30.10.2021 04:00:00 +02:00,13476.44,12980.11
30.10.2021 05:00:00 +02:00,13941.20,13016.30
30.10.2021 06:00:00 +02:00,15281.75,13224.82
30.10.2021 07:00:00 +02:00,16718.14,13656.13
30.10.2021 08:00:00 +02:00,17712.70,13897.77
30.10.2021 09:00:00 +02:00,18331.30,14493.01
30.10.2021 10:00:00 +02:00,18456.42,14755.05
30.10.2021 11:00:00 +02:00,18495.10,14235.43
30.10.2021 12:00:00 +02:00,18142.46,14377.15
30.10.2021 13:00:00 +02:00,17469.07,14084.88
30.10.2021 14:00:00 +02:00,17152.21,14563.48
30.10.2021 15:00:00 +02:00,16977.45,14553.46
30.10.2021 16:00:00 +02:00,17088.98,14716.90
30.10.2021 17:00:00 +02:00,17024.36,15103.80
30.10.2021 18:00:00 +02:00,17482.29,15292.24
30.10.2021 19:00:00 +02:00,16886.33,15056.77
30.10.2021 20:00:00 +02:00,16451.70,14117.98
30.10.2021 21:00:00 +02:00,15569.75,13591.62
30.10.2021 22:00:00 +02:00,15271.12,13999.42
30.10.2021 23:00:00 +02:00,14843.70,13476.77
31.10.2021 00:00:00 +02:00,14555.63,13290.85
31.10.2021 01:00:00 +02:00,14187.38,13068.72
31.10.2021 02:00:00 +02:00,13783.01,12865.29
31.10.2021 02:00:00 +01:00,13550.52,12817.21
31.10.2021 03:00:00 +01:00,12979.74,12694.79
31.10.2021 04:00:00 +01:00,12620.28,12755.91
31.10.2021 05:00:00 +01:00,12862.72,12831.61
31.10.2021 06:00:00 +01:00,13691.83,13007.65
31.10.2021 07:00:00 +01:00,15045.74,13384.92
31.10.2021 08:00:00 +01:00,15323.99,13626.31
31.10.2021 09:00:00 +01:00,15770.40,14103.98
31.10.2021 10:00:00 +01:00,15367.15,14371.82
31.10.2021 11:00:00 +01:00,14908.45,14417.54
31.10.2021 12:00:00 +01:00,14112.66,14396.76
31.10.2021 13:00:00 +01:00,13285.54,14390.15
31.10.2021 14:00:00 +01:00,14181.21,14448.78
31.10.2021 15:00:00 +01:00,14565.14,14424.27
31.10.2021 16:00:00 +01:00,15491.24,14934.80
31.10.2021 17:00:00 +01:00,16585.56,15147.40
31.10.2021 18:00:00 +01:00,15733.66,15139.77
31.10.2021 19:00:00 +01:00,14495.76,14972.08
31.10.2021 20:00:00 +01:00,14060.02,14873.27
31.10.2021 21:00:00 +01:00,13920.94,14456.98
31.10.2021 22:00:00 +01:00,14063.49,13174.11
31.10.2021 23:00:00 +01:00,13809.67,13652.46
01.11.2021 00:00:00 +01:00,13642.23,13012.59
01.11.2021 01:00:00 +01:00,13262.70,13163.81
01.11.2021 02:00:00 +01:00,12916.01,13121.51
01.11.2021 03:00:00 +01:00,12628.36,13156.53
01.11.2021 04:00:00 +01:00,12429.27,13215.23
01.11.2021 05:00:00 +01:00,13384.13,13469.52
01.11.2021 06:00:00 +01:00,14808.60,14536.13
01.11.2021 07:00:00 +01:00,16578.70,15629.09
01.11.2021 08:00:00 +01:00,18414.75,15534.17
01.11.2021 09:00:00 +01:00,18345.66,15184.26
01.11.2021 10:00:00 +01:00,18245.93,15660.70
01.11.2021 11:00:00 +01:00,17650.34,15339.07
01.11.2021 12:00:00 +01:00,17578.41,15550.40
01.11.2021 13:00:00 +01:00,18044.75,15105.33
01.11.2021 14:00:00 +01:00,18233.11,15396.02
01.11.2021 15:00:00 +01:00,18561.38,15800.78
01.11.2021 16:00:00 +01:00,18852.47,16104.19
01.11.2021 17:00:00 +01:00,19402.44,16157.74
01.11.2021 18:00:00 +01:00,19191.35,16047.58
01.11.2021 19:00:00 +01:00,17894.92,15552.51
01.11.2021 20:00:00 +01:00,17234.86,15618.15
01.11.2021 21:00:00 +01:00,16920.12,15029.13
01.11.2021 22:00:00 +01:00,16218.82,14777.49
01.11.2021 23:00:00 +01:00,15412.83,13903.78
02.11.2021 00:00:00 +01:00,15138.67,12939.75
02.11.2021 01:00:00 +01:00,15232.05,12878.85
02.11.2021 02:00:00 +01:00,15682.86,13094.22
02.11.2021 03:00:00 +01:00,16174.39,13109.34
02.11.2021 04:00:00 +01:00,16870.10,13172.47
02.11.2021 05:00:00 +01:00,18277.42,13452.41
02.11.2021 06:00:00 +01:00,19011.42,14576.90
02.11.2021 07:00:00 +01:00,20472.56,15741.09
02.11.2021 08:00:00 +01:00,21029.94,15916.86
02.11.2021 09:00:00 +01:00,20808.33,15818.00
02.11.2021 10:00:00 +01:00,20959.59,6539.72
02.11.2021 11:00:00 +01:00,21072.30,14573.09
02.11.2021 12:00:00 +01:00,21271.47,15604.07
02.11.2021 13:00:00 +01:00,21340.01,15557.07
02.11.2021 14:00:00 +01:00,21367.71,15593.14
02.11.2021 15:00:00 +01:00,21651.28,15121.35
02.11.2021 16:00:00 +01:00,22155.85,16001.47
02.11.2021 17:00:00 +01:00,22322.56,16071.04
02.11.2021 18:00:00 +01:00,22123.05,15952.52
02.11.2021 19:00:00 +01:00,20911.75,15764.52
02.11.2021 20:00:00 +01:00,20179.81,15594.28
02.11.2021 21:00:00 +01:00,19587.10,15266.01
02.11.2021 22:00:00 +01:00,19009.79,14780.29
02.11.2021 23:00:00 +01:00,18545.33,14202.22
03.11.2021 00:00:00 +01:00,18066.23,13716.59
03.11.2021 01:00:00 +01:00,18025.96,13437.51
03.11.2021 02:00:00 +01:00,17806.58,13281.59
03.11.2021 03:00:00 +01:00,17616.93,13249.68
03.11.2021 04:00:00 +01:00,17573.23,13303.77
03.11.2021 05:00:00 +01:00,18094.95,13794.09
03.11.2021 06:00:00 +01:00,19365.57,14904.16
03.11.2021 07:00:00 +01:00,21332.91,16153.36
03.11.2021 08:00:00 +01:00,21825.65,16340.72
03.11.2021 09:00:00 +01:00,21443.99,16330.14
03.11.2021 10:00:00 +01:00,21603.54,15977.41
03.11.2021 11:00:00 +01:00,21588.55,15219.19
03.11.2021 12:00:00 +01:00,21728.55,16050.43
03.11.2021 13:00:00 +01:00,21938.16,16054.46
03.11.2021 14:00:00 +01:00,22073.41,15601.14
03.11.2021 15:00:00 +01:00,22240.39,16228.23
03.11.2021 16:00:00 +01:00,22733.45,16293.20
03.11.2021 17:00:00 +01:00,23303.48,16704.44
03.11.2021 18:00:00 +01:00,23047.97,16601.14
03.11.2021 19:00:00 +01:00,22391.51,16456.76
03.11.2021 20:00:00 +01:00,21456.63,15963.65
03.11.2021 21:00:00 +01:00,21238.71,15935.90
03.11.2021 22:00:00 +01:00,20696.60,15501.69
03.11.2021 23:00:00 +01:00,19854.64,14609.42
04.11.2021 00:00:00 +01:00,19804.41,14100.40
04.11.2021 01:00:00 +01:00,19649.94,14072.24
04.11.2021 02:00:00 +01:00,19530.97,13945.55
04.11.2021 03:00:00 +01:00,19601.94,13916.27
04.11.2021 04:00:00 +01:00,19782.58,14007.15
04.11.2021 05:00:00 +01:00,20255.43,14409.97
04.11.2021 06:00:00 +01:00,21722.85,15594.38
04.11.2021 07:00:00 +01:00,23123.71,16973.63
04.11.2021 08:00:00 +01:00,23796.49,17212.63
04.11.2021 09:00:00 +01:00,23957.33,17161.76
04.11.2021 10:00:00 +01:00,23420.17,9358.02
04.11.2021 11:00:00 +01:00,23339.77,9675.60
04.11.2021 12:00:00 +01:00,23200.46,16487.60
04.11.2021 13:00:00 +01:00,22835.81,16444.76
04.11.2021 14:00:00 +01:00,22380.01,16219.29
04.11.2021 15:00:00 +01:00,22459.86,16632.84
04.11.2021 16:00:00 +01:00,23061.56,17019.83
04.11.2021 17:00:00 +01:00,23700.49,17145.64
04.11.2021 18:00:00 +01:00,22649.82,7397.51
04.11.2021 19:00:00 +01:00,22304.99,0.00
04.11.2021 20:00:00 +01:00,20597.65,15795.78
04.11.2021 21:00:00 +01:00,19882.44,3826.45
04.11.2021 22:00:00 +01:00,19134.16,15929.74
04.11.2021 23:00:00 +01:00,18648.55,15358.69
05.11.2021 00:00:00 +01:00,17629.61,14836.49
05.11.2021 01:00:00 +01:00,17377.22,14527.36
05.11.2021 02:00:00 +01:00,17438.88,14432.92
05.11.2021 03:00:00 +01:00,17354.89,14367.05
05.11.2021 04:00:00 +01:00,17541.86,14349.67
05.11.2021 05:00:00 +01:00,18323.17,14542.83
05.11.2021 06:00:00 +01:00,19665.66,15882.03
05.11.2021 07:00:00 +01:00,22033.15,17168.29
05.11.2021 08:00:00 +01:00,21928.57,17480.00
05.11.2021 09:00:00 +01:00,21859.09,17155.41
05.11.2021 10:00:00 +01:00,21488.82,16512.41
05.11.2021 11:00:00 +01:00,21181.68,16435.46
05.11.2021 12:00:00 +01:00,20588.91,15763.38
05.11.2021 13:00:00 +01:00,19905.43,16494.67
05.11.2021 14:00:00 +01:00,19849.54,17015.83
05.11.2021 15:00:00 +01:00,19425.91,16993.32
05.11.2021 16:00:00 +01:00,19977.41,16408.75
05.11.2021 17:00:00 +01:00,20659.64,14520.99
05.11.2021 18:00:00 +01:00,20033.70,4886.41
05.11.2021 19:00:00 +01:00,18775.46,16730.20
05.11.2021 20:00:00 +01:00,17519.41,16298.24
05.11.2021 21:00:00 +01:00,16462.72,14823.91
05.11.2021 22:00:00 +01:00,15613.50,14418.68
05.11.2021 23:00:00 +01:00,14190.79,15341.56
06.11.2021 00:00:00 +01:00,13459.72,14533.76
06.11.2021 01:00:00 +01:00,13126.33,13633.43
06.11.2021 02:00:00 +01:00,12769.76,13721.31
06.11.2021 03:00:00 +01:00,12641.57,12462.95
06.11.2021 04:00:00 +01:00,12873.24,14402.63
06.11.2021 05:00:00 +01:00,13200.52,14010.76
06.11.2021 06:00:00 +01:00,13747.83,14823.97
06.11.2021 07:00:00 +01:00,13851.70,14531.13
06.11.2021 08:00:00 +01:00,14293.92,15762.08
06.11.2021 09:00:00 +01:00,14965.00,16226.70
06.11.2021 10:00:00 +01:00,15035.11,11974.47
06.11.2021 11:00:00 +01:00,14957.62,16267.85
06.11.2021 12:00:00 +01:00,14622.55,16144.71
06.11.2021 13:00:00 +01:00,14606.89,16138.75
06.11.2021 14:00:00 +01:00,14956.97,16096.20
06.11.2021 15:00:00 +01:00,15764.52,16216.62
06.11.2021 16:00:00 +01:00,16231.47,15751.43
06.11.2021 17:00:00 +01:00,16629.87,13412.47
06.11.2021 18:00:00 +01:00,16454.98,9443.21
06.11.2021 19:00:00 +01:00,15351.19,16416.61
06.11.2021 20:00:00 +01:00,14230.45,15946.46
06.11.2021 21:00:00 +01:00,13709.54,15643.86
06.11.2021 22:00:00 +01:00,13044.31,14359.50
06.11.2021 23:00:00 +01:00,12154.53,15119.61
07.11.2021 00:00:00 +01:00,10724.84,14764.13
07.11.2021 01:00:00 +01:00,10079.29,6107.39
07.11.2021 02:00:00 +01:00,9923.08,14498.76
07.11.2021 03:00:00 +01:00,9525.90,14165.86
07.11.2021 04:00:00 +01:00,9535.35,14431.81
07.11.2021 05:00:00 +01:00,9869.01,14461.08
07.11.2021 06:00:00 +01:00,9832.02,14669.76
07.11.2021 07:00:00 +01:00,10801.29,14671.45
07.11.2021 08:00:00 +01:00,11975.29,13190.02
07.11.2021 09:00:00 +01:00,12751.57,5808.83
07.11.2021 10:00:00 +01:00,13701.10,16062.37
07.11.2021 11:00:00 +01:00,13934.35,15350.30
07.11.2021 12:00:00 +01:00,13687.92,16101.13
07.11.2021 13:00:00 +01:00,13419.83,16091.25
07.11.2021 14:00:00 +01:00,14208.62,16165.76
07.11.2021 15:00:00 +01:00,15061.48,8495.17
07.11.2021 16:00:00 +01:00,16220.49,16740.59
07.11.2021 17:00:00 +01:00,17380.26,16026.37
07.11.2021 18:00:00 +01:00,16992.36,15502.47
07.11.2021 19:00:00 +01:00,16458.74,15632.09
07.11.2021 20:00:00 +01:00,16348.83,0.00
07.11.2021 21:00:00 +01:00,16348.83,0.00
07.11.2021 22:00:00 +01:00,16348.83,0.00
07.11.2021 23:00:00 +01:00,15145.28,15280.24
08.11.2021 00:00:00 +01:00,14459.87,8037.83
08.11.2021 01:00:00 +01:00,13891.86,14877.89
08.11.2021 02:00:00 +01:00,13917.42,14806.15
08.11.2021 03:00:00 +01:00,14613.75,14790.32
08.11.2021 04:00:00 +01:00,15837.83,14887.68
08.11.2021 05:00:00 +01:00,17671.64,14261.52
08.11.2021 06:00:00 +01:00,20704.80,16209.89
08.11.2021 07:00:00 +01:00,23240.37,17900.22
08.11.2021 08:00:00 +01:00,24047.39,17921.52
08.11.2021 09:00:00 +01:00,24430.30,18149.34
08.11.2021 10:00:00 +01:00,24431.97,17758.21
08.11.2021 11:00:00 +01:00,24005.26,17878.30
08.11.2021 12:00:00 +01:00,23523.45,15167.71
08.11.2021 13:00:00 +01:00,23918.69,17726.56
08.11.2021 14:00:00 +01:00,24289.93,17495.68
08.11.2021 15:00:00 +01:00,24804.13,17641.28
08.11.2021 16:00:00 +01:00,25479.14,7201.13
08.11.2021 17:00:00 +01:00,25959.28,17621.06
08.11.2021 18:00:00 +01:00,25956.34,17400.48
08.11.2021 19:00:00 +01:00,25595.02,17539.22
08.11.2021 20:00:00 +01:00,24576.34,17276.13
08.11.2021 21:00:00 +01:00,23841.62,16985.43
08.11.2021 22:00:00 +01:00,22489.00,16474.75
08.11.2021 23:00:00 +01:00,20957.35,15862.43
09.11.2021 00:00:00 +01:00,20270.66,15347.66
09.11.2021 01:00:00 +01:00,19779.27,15076.69
09.11.2021 02:00:00 +01:00,19000.50,11913.77
09.11.2021 03:00:00 +01:00,18479.43,12358.91
09.11.2021 04:00:00 +01:00,18033.57,14118.96
09.11.2021 05:00:00 +01:00,17993.08,14922.95
09.11.2021 06:00:00 +01:00,19593.07,15981.79
09.11.2021 07:00:00 +01:00,21194.83,17281.94
09.11.2021 08:00:00 +01:00,20729.63,16187.37
09.11.2021 09:00:00 +01:00,19677.33,16035.21
09.11.2021 10:00:00 +01:00,18804.08,14818.12
09.11.2021 11:00:00 +01:00,18306.03,16714.91
09.11.2021 12:00:00 +01:00,17807.60,14594.51
09.11.2021 13:00:00 +01:00,17627.97,16757.72
09.11.2021 14:00:00 +01:00,17854.29,16154.49
09.11.2021 15:00:00 +01:00,18287.54,16266.45
09.11.2021 16:00:00 +01:00,18747.89,12450.33
09.11.2021 17:00:00 +01:00,19200.19,17257.73
09.11.2021 18:00:00 +01:00,18880.40,17094.14
09.11.2021 19:00:00 +01:00,18286.51,16909.61
09.11.2021 20:00:00 +01:00,17415.61,16669.95
09.11.2021 21:00:00 +01:00,16368.66,16295.73
09.11.2021 22:00:00 +01:00,15127.82,15788.37
09.11.2021 23:00:00 +01:00,13331.60,14891.35
10.11.2021 00:00:00 +01:00,12459.16,14559.72
10.11.2021 01:00:00 +01:00,11834.19,14175.03
10.11.2021 02:00:00 +01:00,11318.66,13964.37
10.11.2021 03:00:00 +01:00,11302.66,13869.29
10.11.2021 04:00:00 +01:00,12107.83,13939.09
10.11.2021 05:00:00 +01:00,13547.24,13820.31
10.11.2021 06:00:00 +01:00,16554.53,14615.39
10.11.2021 07:00:00 +01:00,19530.32,14384.29
10.11.2021 08:00:00 +01:00,19968.86,16874.72
10.11.2021 09:00:00 +01:00,19159.02,15915.99
10.11.2021 10:00:00 +01:00,18807.67,16527.17
10.11.2021 11:00:00 +01:00,18361.83,16325.29
10.11.2021 12:00:00 +01:00,18358.88,16195.22
10.11.2021 13:00:00 +01:00,18602.92,16231.38
10.11.2021 14:00:00 +01:00,18623.07,16323.31
10.11.2021 15:00:00 +01:00,18776.24,16579.41
10.11.2021 16:00:00 +01:00,19285.73,16996.85
10.11.2021 17:00:00 +01:00,20081.58,17072.47
10.11.2021 18:00:00 +01:00,20333.98,16957.10
10.11.2021 19:00:00 +01:00,20174.93,16878.73
10.11.2021 20:00:00 +01:00,19661.54,13120.39
10.11.2021 21:00:00 +01:00,19304.62,16523.79
10.11.2021 22:00:00 +01:00,18822.17,16138.41
10.11.2021 23:00:00 +01:00,18116.69,15598.86
11.11.2021 00:00:00 +01:00,17885.39,15117.43
11.11.2021 01:00:00 +01:00,17705.19,14896.17
11.11.2021 02:00:00 +01:00,17532.69,14707.52
11.11.2021 03:00:00 +01:00,17561.74,14431.16
11.11.2021 04:00:00 +01:00,17570.96,14253.28
11.11.2021 05:00:00 +01:00,18070.06,14766.82
11.11.2021 06:00:00 +01:00,19498.35,15774.83
11.11.2021 07:00:00 +01:00,19950.33,17348.61
11.11.2021 08:00:00 +01:00,19963.47,17620.48
11.11.2021 09:00:00 +01:00,19904.04,17020.97
11.11.2021 10:00:00 +01:00,20232.18,16877.56
11.11.2021 11:00:00 +01:00,20062.04,17143.82
11.11.2021 12:00:00 +01:00,19854.15,14885.62
11.11.2021 13:00:00 +01:00,19816.37,11979.33
11.11.2021 14:00:00 +01:00,19953.64,16745.94
11.11.2021 15:00:00 +01:00,20045.73,16591.46
11.11.2021 16:00:00 +01:00,20422.60,11246.91
11.11.2021 17:00:00 +01:00,21616.82,12119.26
11.11.2021 18:00:00 +01:00,21731.76,11466.69
11.11.2021 19:00:00 +01:00,21187.06,13878.50
11.11.2021 20:00:00 +01:00,20855.87,16817.30
11.11.2021 21:00:00 +01:00,20604.08,16604.38
11.11.2021 22:00:00 +01:00,19956.04,16215.01
11.11.2021 23:00:00 +01:00,19207.54,15655.11
12.11.2021 00:00:00 +01:00,19003.51,15126.72
12.11.2021 01:00:00 +01:00,18766.81,14825.58
12.11.2021 02:00:00 +01:00,18311.18,14684.79
12.11.2021 03:00:00 +01:00,18249.46,14634.29
12.11.2021 04:00:00 +01:00,18495.27,14728.07
12.11.2021 05:00:00 +01:00,19127.40,15208.56
12.11.2021 06:00:00 +01:00,20241.50,16146.82
12.11.2021 07:00:00 +01:00,21190.46,17820.34
12.11.2021 08:00:00 +01:00,21618.16,18267.37
12.11.2021 09:00:00 +01:00,21306.11,18169.99
12.11.2021 10:00:00 +01:00,21147.89,18016.01
12.11.2021 11:00:00 +01:00,21206.31,4445.48
12.11.2021 12:00:00 +01:00,21418.94,7604.90
12.11.2021 13:00:00 +01:00,21612.57,13091.82
12.11.2021 14:00:00 +01:00,21695.16,17008.71
12.11.2021 15:00:00 +01:00,22020.22,16799.70
12.11.2021 16:00:00 +01:00,22886.47,17980.82
12.11.2021 17:00:00 +01:00,23266.69,17056.68
12.11.2021 18:00:00 +01:00,22723.21,14526.44
12.11.2021 19:00:00 +01:00,21500.06,16546.59
12.11.2021 20:00:00 +01:00,20211.87,16969.45
12.11.2021 21:00:00 +01:00,19577.16,16504.78
12.11.2021 22:00:00 +01:00,18801.29,6091.52
12.11.2021 23:00:00 +01:00,17654.86,15646.40
13.11.2021 00:00:00 +01:00,17403.24,15231.92
13.11.2021 01:00:00 +01:00,17229.90,14929.25
13.11.2021 02:00:00 +01:00,16982.87,14785.09
13.11.2021 03:00:00 +01:00,17241.82,14542.74
13.11.2021 04:00:00 +01:00,17774.32,14587.68
13.11.2021 05:00:00 +01:00,18369.99,14617.61
13.11.2021 06:00:00 +01:00,19425.58,14916.96
13.11.2021 07:00:00 +01:00,20292.70,15355.67
13.11.2021 08:00:00 +01:00,21572.89,15569.52
13.11.2021 09:00:00 +01:00,22363.40,16426.43
13.11.2021 10:00:00 +01:00,22584.00,16766.20
13.11.2021 11:00:00 +01:00,22577.65,16775.86
13.11.2021 12:00:00 +01:00,22012.23,16745.66
13.11.2021 13:00:00 +01:00,21766.69,16678.92
13.11.2021 14:00:00 +01:00,21504.37,16628.47
13.11.2021 15:00:00 +01:00,21700.28,16728.91
13.11.2021 16:00:00 +01:00,22075.67,17040.78
13.11.2021 17:00:00 +01:00,22330.19,17198.77
13.11.2021 18:00:00 +01:00,22098.04,17059.77
13.11.2021 19:00:00 +01:00,21911.06,16778.42
13.11.2021 20:00:00 +01:00,21688.30,16419.33
13.11.2021 21:00:00 +01:00,21362.04,16093.51
13.11.2021 22:00:00 +01:00,21104.12,15790.86
13.11.2021 23:00:00 +01:00,20672.44,14762.97
14.11.2021 00:00:00 +01:00,20621.17,13705.30
14.11.2021 01:00:00 +01:00,20094.52,9483.19
14.11.2021 02:00:00 +01:00,19736.33,14115.07
14.11.2021 03:00:00 +01:00,19635.70,12087.95
14.11.2021 04:00:00 +01:00,19809.46,14085.66
14.11.2021 05:00:00 +01:00,19889.43,14689.59
14.11.2021 06:00:00 +01:00,20246.61,15161.48
14.11.2021 07:00:00 +01:00,21011.69,15499.33
14.11.2021 08:00:00 +01:00,21672.18,15908.52
14.11.2021 09:00:00 +01:00,21898.42,16412.67
14.11.2021 10:00:00 +01:00,22289.25,16674.92
14.11.2021 11:00:00 +01:00,22515.41,16663.71
14.11.2021 12:00:00 +01:00,22316.52,16677.18
14.11.2021 13:00:00 +01:00,22170.81,16726.03
14.11.2021 14:00:00 +01:00,22201.86,16857.66
14.11.2021 15:00:00 +01:00,22563.02,17086.92
14.11.2021 16:00:00 +01:00,23372.45,17375.20
14.11.2021 17:00:00 +01:00,23695.09,17394.95
14.11.2021 18:00:00 +01:00,23787.89,17355.02
14.11.2021 19:00:00 +01:00,22785.70,17309.28
14.11.2021 20:00:00 +01:00,21644.57,15176.47
14.11.2021 21:00:00 +01:00,20765.24,16075.76
14.11.2021 22:00:00 +01:00,19881.30,16496.86
14.11.2021 23:00:00 +01:00,19299.06,15500.18
15.11.2021 00:00:00 +01:00,18422.74,12407.76
15.11.2021 01:00:00 +01:00,18280.49,14942.47
15.11.2021 02:00:00 +01:00,18252.16,15067.51
15.11.2021 03:00:00 +01:00,18247.75,14510.19
15.11.2021 04:00:00 +01:00,18461.83,15080.72
15.11.2021 05:00:00 +01:00,19132.40,15442.47
15.11.2021 06:00:00 +01:00,20828.47,16577.13
15.11.2021 07:00:00 +01:00,22354.49,17892.10
15.11.2021 08:00:00 +01:00,22744.52,18102.41
15.11.2021 09:00:00 +01:00,22150.16,17876.13
15.11.2021 10:00:00 +01:00,22548.30,18043.93
15.11.2021 11:00:00 +01:00,22479.99,17536.67
15.11.2021 12:00:00 +01:00,22173.24,17721.87
15.11.2021 13:00:00 +01:00,22206.37,17431.42
15.11.2021 14:00:00 +01:00,22249.34,17607.86
15.11.2021 15:00:00 +01:00,22484.84,15947.51
15.11.2021 16:00:00 +01:00,22929.19,15894.83
15.11.2021 17:00:00 +01:00,23206.42,13892.67
15.11.2021 18:00:00 +01:00,22689.36,17522.74
15.11.2021 19:00:00 +01:00,21911.73,17176.32
15.11.2021 20:00:00 +01:00,20969.10,16950.02
15.11.2021 21:00:00 +01:00,20557.67,16474.08
15.11.2021 22:00:00 +01:00,20099.53,16050.04
15.11.2021 23:00:00 +01:00,19478.57,15383.63
16.11.2021 00:00:00 +01:00,19295.88,14840.45
16.11.2021 01:00:00 +01:00,19168.36,14459.83
16.11.2021 02:00:00 +01:00,19214.63,14361.72
16.11.2021 03:00:00 +01:00,19087.14,11446.25
16.11.2021 04:00:00 +01:00,19298.50,12171.11
16.11.2021 05:00:00 +01:00,19463.33,13639.03
16.11.2021 06:00:00 +01:00,20184.10,15659.06
16.11.2021 07:00:00 +01:00,20890.93,16538.04
16.11.2021 08:00:00 +01:00,21293.93,17081.86
16.11.2021 09:00:00 +01:00,21278.10,16914.93
16.11.2021 10:00:00 +01:00,21115.45,15710.18
16.11.2021 11:00:00 +01:00,21087.29,16789.74
16.11.2021 12:00:00 +01:00,21781.70,13701.75
16.11.2021 13:00:00 +01:00,21946.45,16271.49
16.11.2021 14:00:00 +01:00,22091.72,12712.79
16.11.2021 15:00:00 +01:00,22759.85,15920.30
16.11.2021 16:00:00 +01:00,23306.94,17208.09
16.11.2021 17:00:00 +01:00,23521.17,17057.84
16.11.2021 18:00:00 +01:00,23166.64,16880.01
16.11.2021 19:00:00 +01:00,22121.40,16703.62
16.11.2021 20:00:00 +01:00,21613.21,16527.23
16.11.2021 21:00:00 +01:00,21291.93,16197.19
16.11.2021 22:00:00 +01:00,21022.31,15663.19
16.11.2021 23:00:00 +01:00,19908.93,12853.79
17.11.2021 00:00:00 +01:00,19308.64,14617.01
17.11.2021 01:00:00 +01:00,18923.82,14077.16
17.11.2021 02:00:00 +01:00,17805.82,11755.85
17.11.2021 03:00:00 +01:00,16791.03,14135.67
17.11.2021 04:00:00 +01:00,16589.49,14169.02
17.11.2021 05:00:00 +01:00,17381.83,14239.37
17.11.2021 06:00:00 +01:00,18890.44,15487.71
17.11.2021 07:00:00 +01:00,19880.89,14930.39
17.11.2021 08:00:00 +01:00,20397.67,16869.20
17.11.2021 09:00:00 +01:00,20462.97,14066.03
17.11.2021 10:00:00 +01:00,20275.14,11274.03
17.11.2021 11:00:00 +01:00,19707.24,1.02
17.11.2021 12:00:00 +01:00,19590.63,0.93
17.11.2021 13:00:00 +01:00,19689.95,10540.03
17.11.2021 14:00:00 +01:00,19865.07,13392.74
17.11.2021 15:00:00 +01:00,20247.86,8838.30
17.11.2021 16:00:00 +01:00,20956.73,16607.73
17.11.2021 17:00:00 +01:00,21136.12,17406.04
17.11.2021 18:00:00 +01:00,20847.93,16965.25
17.11.2021 19:00:00 +01:00,19854.99,17467.57
17.11.2021 20:00:00 +01:00,19193.67,17341.38
17.11.2021 21:00:00 +01:00,18661.59,17070.85
17.11.2021 22:00:00 +01:00,17931.02,16565.67
17.11.2021 23:00:00 +01:00,16911.84,15712.92
18.11.2021 00:00:00 +01:00,15868.69,14202.65
18.11.2021 01:00:00 +01:00,15323.01,14403.32
18.11.2021 02:00:00 +01:00,15102.26,13294.31
18.11.2021 03:00:00 +01:00,15120.22,11060.21
18.11.2021 04:00:00 +01:00,15658.89,14881.21
18.11.2021 05:00:00 +01:00,16903.70,14443.21
18.11.2021 06:00:00 +01:00,18338.26,15799.92
18.11.2021 07:00:00 +01:00,20656.92,16780.63
18.11.2021 08:00:00 +01:00,21193.77,18076.93
18.11.2021 09:00:00 +01:00,20786.37,14968.77
18.11.2021 10:00:00 +01:00,20206.55,17684.01
18.11.2021 11:00:00 +01:00,19277.94,16915.69
18.11.2021 12:00:00 +01:00,18538.28,17682.19
18.11.2021 13:00:00 +01:00,18169.98,17354.32
18.11.2021 14:00:00 +01:00,17695.03,17952.55
18.11.2021 15:00:00 +01:00,17981.56,18066.65
18.11.2021 16:00:00 +01:00,18093.49,18252.83
18.11.2021 17:00:00 +01:00,18149.86,18082.31
18.11.2021 18:00:00 +01:00,17923.61,17754.89
18.11.2021 19:00:00 +01:00,17526.99,17604.20
18.11.2021 20:00:00 +01:00,17092.76,17374.89
18.11.2021 21:00:00 +01:00,16741.81,17029.56
18.11.2021 22:00:00 +01:00,15739.94,16551.88
18.11.2021 23:00:00 +01:00,14083.82,15953.86
19.11.2021 00:00:00 +01:00,13092.93,15332.62
19.11.2021 01:00:00 +01:00,13056.52,14978.76
19.11.2021 02:00:00 +01:00,12720.41,14774.44
19.11.2021 03:00:00 +01:00,12589.78,14661.43
19.11.2021 04:00:00 +01:00,12853.78,14716.61
19.11.2021 05:00:00 +01:00,13575.20,15021.28
19.11.2021 06:00:00 +01:00,15142.08,16085.14
19.11.2021 07:00:00 +01:00,17075.97,17347.74
19.11.2021 08:00:00 +01:00,17474.36,17773.16
19.11.2021 09:00:00 +01:00,17348.33,17595.01
19.11.2021 10:00:00 +01:00,17236.48,17371.74
19.11.2021 11:00:00 +01:00,16820.82,17053.22
19.11.2021 12:00:00 +01:00,16263.69,16923.09
19.11.2021 13:00:00 +01:00,16014.14,16829.54
19.11.2021 14:00:00 +01:00,15929.40,16879.35
19.11.2021 15:00:00 +01:00,16207.18,16953.35
19.11.2021 16:00:00 +01:00,16581.82,17163.55
19.11.2021 17:00:00 +01:00,16861.40,17165.98
19.11.2021 18:00:00 +01:00,16252.58,16965.36
19.11.2021 19:00:00 +01:00,15138.88,16772.19
19.11.2021 20:00:00 +01:00,14291.42,16446.90
19.11.2021 21:00:00 +01:00,13974.53,16036.41
19.11.2021 22:00:00 +01:00,13703.17,15663.07
19.11.2021 23:00:00 +01:00,13299.12,15294.12
20.11.2021 00:00:00 +01:00,13236.80,14946.91
20.11.2021 01:00:00 +01:00,12637.85,14614.88
20.11.2021 02:00:00 +01:00,12577.39,14460.56
20.11.2021 03:00:00 +01:00,12595.15,14359.35
20.11.2021 04:00:00 +01:00,12522.31,14365.96
20.11.2021 05:00:00 +01:00,12653.64,14440.05
20.11.2021 06:00:00 +01:00,13142.11,14715.84
20.11.2021 07:00:00 +01:00,14517.99,15199.89
20.11.2021 08:00:00 +01:00,15871.88,15715.90
20.11.2021 09:00:00 +01:00,16539.53,16157.59
20.11.2021 10:00:00 +01:00,16711.15,16541.14
20.11.2021 11:00:00 +01:00,16338.98,16571.87
20.11.2021 12:00:00 +01:00,15981.49,16512.68
20.11.2021 13:00:00 +01:00,16016.51,16458.03
20.11.2021 14:00:00 +01:00,16227.59,16487.83
20.11.2021 15:00:00 +01:00,16454.84,16667.77
20.11.2021 16:00:00 +01:00,16727.16,16957.19
20.11.2021 17:00:00 +01:00,17301.00,17032.74
20.11.2021 18:00:00 +01:00,17504.87,16951.14
20.11.2021 19:00:00 +01:00,17464.36,16695.15
20.11.2021 20:00:00 +01:00,17080.59,16293.58
20.11.2021 21:00:00 +01:00,15995.30,15971.03
20.11.2021 22:00:00 +01:00,14754.39,15644.38
20.11.2021 23:00:00 +01:00,14026.70,15361.01
21.11.2021 00:00:00 +01:00,14305.73,15110.15
21.11.2021 01:00:00 +01:00,14315.56,14905.50
21.11.2021 02:00:00 +01:00,14465.64,14812.76
21.11.2021 03:00:00 +01:00,14466.58,14755.53
21.11.2021 04:00:00 +01:00,14255.10,14784.20
21.11.2021 05:00:00 +01:00,13943.73,14919.39
21.11.2021 06:00:00 +01:00,13968.88,15148.62
21.11.2021 07:00:00 +01:00,14591.66,15616.25
21.11.2021 08:00:00 +01:00,16720.19,15993.03
21.11.2021 09:00:00 +01:00,17734.98,16457.58
21.11.2021 10:00:00 +01:00,18220.29,16628.19
21.11.2021 11:00:00 +01:00,18975.22,16630.43
21.11.2021 12:00:00 +01:00,18797.44,16536.62
21.11.2021 13:00:00 +01:00,18757.82,16585.07
21.11.2021 14:00:00 +01:00,19236.37,16662.31
21.11.2021 15:00:00 +01:00,20171.05,17033.08
21.11.2021 16:00:00 +01:00,21105.39,17541.43
21.11.2021 17:00:00 +01:00,21708.23,17712.00
21.11.2021 18:00:00 +01:00,21477.33,17755.77
21.11.2021 19:00:00 +01:00,20899.26,17601.85
21.11.2021 20:00:00 +01:00,20584.95,17756.27
21.11.2021 21:00:00 +01:00,20778.06,17504.06
21.11.2021 22:00:00 +01:00,20516.05,17155.66
21.11.2021 23:00:00 +01:00,19931.59,16682.27
22.11.2021 00:00:00 +01:00,20242.48,16249.48
22.11.2021 01:00:00 +01:00,20342.46,15977.83
22.11.2021 02:00:00 +01:00,20228.39,15935.10
22.11.2021 03:00:00 +01:00,20236.48,15964.02
22.11.2021 04:00:00 +01:00,20501.01,16110.77
22.11.2021 05:00:00 +01:00,21901.10,16495.39
22.11.2021 06:00:00 +01:00,24028.69,17577.24
22.11.2021 07:00:00 +01:00,25387.54,18942.95
22.11.2021 08:00:00 +01:00,25833.53,19295.21
22.11.2021 09:00:00 +01:00,25829.68,19130.75
22.11.2021 10:00:00 +01:00,26081.80,18977.68
22.11.2021 11:00:00 +01:00,26087.72,18872.87
22.11.2021 12:00:00 +01:00,26145.86,18759.93
22.11.2021 13:00:00 +01:00,25604.13,18637.22
22.11.2021 14:00:00 +01:00,25471.98,18628.20
22.11.2021 15:00:00 +01:00,25526.22,18788.28
22.11.2021 16:00:00 +01:00,25737.55,19112.17
22.11.2021 17:00:00 +01:00,25179.58,18896.45
22.11.2021 18:00:00 +01:00,24383.86,18635.59
22.11.2021 19:00:00 +01:00,23425.87,18458.96
22.11.2021 20:00:00 +01:00,21811.87,18275.44
22.11.2021 21:00:00 +01:00,20625.89,17928.82
22.11.2021 22:00:00 +01:00,19393.51,17430.90
22.11.2021 23:00:00 +01:00,18001.32,16740.41
23.11.2021 00:00:00 +01:00,17306.09,16207.14
23.11.2021 01:00:00 +01:00,17133.28,15854.09
23.11.2021 02:00:00 +01:00,17088.95,15665.32
23.11.2021 03:00:00 +01:00,17269.76,15650.81
23.11.2021 04:00:00 +01:00,17712.82,15660.88
23.11.2021 05:00:00 +01:00,19404.81,16016.87
23.11.2021 06:00:00 +01:00,22877.80,17262.53
23.11.2021 07:00:00 +01:00,24704.70,18647.21
23.11.2021 08:00:00 +01:00,25006.32,18979.98
23.11.2021 09:00:00 +01:00,24563.05,18818.62
23.11.2021 10:00:00 +01:00,24085.58,17750.79
23.11.2021 11:00:00 +01:00,23724.03,18505.19
23.11.2021 12:00:00 +01:00,23576.01,18318.72
23.11.2021 13:00:00 +01:00,23303.86,18159.42
23.11.2021 14:00:00 +01:00,23138.73,18192.33
23.11.2021 15:00:00 +01:00,23488.32,18371.28
23.11.2021 16:00:00 +01:00,23795.24,18621.37
23.11.2021 17:00:00 +01:00,23990.25,18553.44
23.11.2021 18:00:00 +01:00,22657.94,18284.19
23.11.2021 19:00:00 +01:00,21558.03,18047.75
23.11.2021 20:00:00 +01:00,19671.74,17709.95
23.11.2021 21:00:00 +01:00,18960.17,17465.94
23.11.2021 22:00:00 +01:00,18219.76,16977.94
23.11.2021 23:00:00 +01:00,17198.63,16332.46
24.11.2021 00:00:00 +01:00,16380.24,15735.12
24.11.2021 01:00:00 +01:00,15911.20,15341.43
24.11.2021 02:00:00 +01:00,15722.33,15178.23
24.11.2021 03:00:00 +01:00,15778.71,15083.10
24.11.2021 04:00:00 +01:00,16535.02,15158.37
24.11.2021 05:00:00 +01:00,18028.94,15440.44
24.11.2021 06:00:00 +01:00,20679.82,16590.28
24.11.2021 07:00:00 +01:00,23537.69,17822.58
24.11.2021 08:00:00 +01:00,24473.63,18148.70
24.11.2021 09:00:00 +01:00,24408.16,18001.13
24.11.2021 10:00:00 +01:00,24513.63,18040.28
24.11.2021 11:00:00 +01:00,24213.71,17825.61
24.11.2021 12:00:00 +01:00,24091.23,17817.74
24.11.2021 13:00:00 +01:00,23552.68,17687.11
24.11.2021 14:00:00 +01:00,23731.79,17822.09
24.11.2021 15:00:00 +01:00,24017.80,17976.60
24.11.2021 16:00:00 +01:00,24137.54,18329.16
24.11.2021 17:00:00 +01:00,24076.30,18194.11
24.11.2021 18:00:00 +01:00,23435.12,17973.37
24.11.2021 19:00:00 +01:00,22428.52,17830.01
24.11.2021 20:00:00 +01:00,21403.46,17655.74
24.11.2021 21:00:00 +01:00,20485.79,17451.90
24.11.2021 22:00:00 +01:00,19889.92,16916.74
24.11.2021 23:00:00 +01:00,19182.72,16425.90
25.11.2021 00:00:00 +01:00,18911.25,16035.56
25.11.2021 01:00:00 +01:00,19082.17,15620.09
25.11.2021 02:00:00 +01:00,19364.78,15527.95
25.11.2021 03:00:00 +01:00,19644.47,15448.30
25.11.2021 04:00:00 +01:00,19941.84,15596.98
25.11.2021 05:00:00 +01:00,20612.28,16064.07
25.11.2021 06:00:00 +01:00,22305.03,17333.12
25.11.2021 07:00:00 +01:00,24957.87,18734.78
25.11.2021 08:00:00 +01:00,25344.31,19187.91
25.11.2021 09:00:00 +01:00,25165.24,19117.71
25.11.2021 10:00:00 +01:00,24961.86,18391.22
25.11.2021 11:00:00 +01:00,24620.00,18620.66
25.11.2021 12:00:00 +01:00,24481.71,18772.38
25.11.2021 13:00:00 +01:00,24108.42,18773.77
25.11.2021 14:00:00 +01:00,24039.49,18877.95
25.11.2021 15:00:00 +01:00,24528.55,19217.42
25.11.2021 16:00:00 +01:00,24479.52,19634.16
25.11.2021 17:00:00 +01:00,24422.83,19624.36
25.11.2021 18:00:00 +01:00,24633.46,19505.55
25.11.2021 19:00:00 +01:00,24098.35,19356.33
25.11.2021 20:00:00 +01:00,23191.73,19202.24
25.11.2021 21:00:00 +01:00,22321.06,18979.99
25.11.2021 22:00:00 +01:00,21141.68,18480.77
25.11.2021 23:00:00 +01:00,21167.85,17943.53
26.11.2021 00:00:00 +01:00,20226.18,17364.23
26.11.2021 01:00:00 +01:00,20209.21,17010.89
26.11.2021 02:00:00 +01:00,20283.45,16860.20
26.11.2021 03:00:00 +01:00,20814.24,16784.37
26.11.2021 04:00:00 +01:00,21396.69,16789.51
26.11.2021 05:00:00 +01:00,22493.38,17208.00
26.11.2021 06:00:00 +01:00,24894.91,18367.32
26.11.2021 07:00:00 +01:00,26020.57,19653.45
26.11.2021 08:00:00 +01:00,26291.94,20076.50
26.11.2021 09:00:00 +01:00,26067.72,20068.91
26.11.2021 10:00:00 +01:00,25956.92,20004.18
26.11.2021 11:00:00 +01:00,25740.79,19861.03
26.11.2021 12:00:00 +01:00,25434.93,19681.45
26.11.2021 13:00:00 +01:00,25373.29,19532.23
26.11.2021 14:00:00 +01:00,25711.53,19564.26
26.11.2021 15:00:00 +01:00,25537.89,19802.23
26.11.2021 16:00:00 +01:00,25654.81,19988.80
26.11.2021 17:00:00 +01:00,25585.50,19760.87
26.11.2021 18:00:00 +01:00,25251.68,19673.80
26.11.2021 19:00:00 +01:00,24830.23,19425.76
26.11.2021 20:00:00 +01:00,24198.79,19048.80
26.11.2021 21:00:00 +01:00,23754.46,18711.76
26.11.2021 22:00:00 +01:00,22873.52,18335.72
26.11.2021 23:00:00 +01:00,21761.30,17927.78
27.11.2021 00:00:00 +01:00,22174.49,17524.58
27.11.2021 01:00:00 +01:00,22192.76,17259.20
27.11.2021 02:00:00 +01:00,22311.22,17060.92
27.11.2021 03:00:00 +01:00,22149.96,16961.75
27.11.2021 04:00:00 +01:00,22543.44,16889.46
27.11.2021 05:00:00 +01:00,22885.21,16978.12
27.11.2021 06:00:00 +01:00,23118.74,17280.17
27.11.2021 07:00:00 +01:00,24166.06,17757.85
27.11.2021 08:00:00 +01:00,24846.89,18432.89
27.11.2021 09:00:00 +01:00,25095.46,18954.94
27.11.2021 10:00:00 +01:00,25540.14,19300.36
27.11.2021 11:00:00 +01:00,25607.02,19319.64
27.11.2021 12:00:00 +01:00,25725.19,19327.38
27.11.2021 13:00:00 +01:00,25875.00,19326.09
27.11.2021 14:00:00 +01:00,25834.46,19363.21
27.11.2021 15:00:00 +01:00,25639.83,19454.81
27.11.2021 16:00:00 +01:00,25658.01,19541.64
27.11.2021 17:00:00 +01:00,25760.80,19561.24
27.11.2021 18:00:00 +01:00,25861.22,19443.68
27.11.2021 19:00:00 +01:00,25827.66,19186.89
27.11.2021 20:00:00 +01:00,25377.67,18901.31
27.11.2021 21:00:00 +01:00,24816.62,18558.75
27.11.2021 22:00:00 +01:00,24519.02,18291.09
27.11.2021 23:00:00 +01:00,24042.38,17950.22
28.11.2021 00:00:00 +01:00,23588.76,17619.55
28.11.2021 01:00:00 +01:00,23306.71,17400.85
28.11.2021 02:00:00 +01:00,23112.31,17271.86
28.11.2021 03:00:00 +01:00,23070.59,17193.18
28.11.2021 04:00:00 +01:00,23194.68,17192.77
28.11.2021 05:00:00 +01:00,23458.37,17201.68
28.11.2021 06:00:00 +01:00,23998.22,17466.66
28.11.2021 07:00:00 +01:00,24077.21,17776.37
28.11.2021 08:00:00 +01:00,24739.61,18199.38
28.11.2021 09:00:00 +01:00,25166.18,18665.36
28.11.2021 10:00:00 +01:00,25090.42,18980.84
28.11.2021 11:00:00 +01:00,25223.71,18995.89
28.11.2021 12:00:00 +01:00,25097.23,18968.42
28.11.2021 13:00:00 +01:00,25255.14,19005.89
28.11.2021 14:00:00 +01:00,25222.57,19183.29
28.11.2021 15:00:00 +01:00,25525.23,19380.42
28.11.2021 16:00:00 +01:00,25648.10,19680.73
28.11.2021 17:00:00 +01:00,25715.33,19699.14
28.11.2021 18:00:00 +01:00,25533.20,19631.63
28.11.2021 19:00:00 +01:00,25310.04,19561.92
28.11.2021 20:00:00 +01:00,25495.56,19560.97
28.11.2021 21:00:00 +01:00,24724.63,19364.58
28.11.2021 22:00:00 +01:00,23972.66,19106.15
28.11.2021 23:00:00 +01:00,22751.84,18647.92
29.11.2021 00:00:00 +01:00,22274.82,18180.59
29.11.2021 01:00:00 +01:00,22241.11,17923.68
29.11.2021 02:00:00 +01:00,21832.30,17886.16
29.11.2021 03:00:00 +01:00,21619.35,17951.04
29.11.2021 04:00:00 +01:00,21353.06,18141.44
29.11.2021 05:00:00 +01:00,21476.48,18555.02
29.11.2021 06:00:00 +01:00,23482.75,19819.75
29.11.2021 07:00:00 +01:00,25163.26,21148.81
29.11.2021 08:00:00 +01:00,25343.23,21572.26
29.11.2021 09:00:00 +01:00,25513.05,21465.55
29.11.2021 10:00:00 +01:00,25738.01,21329.22
29.11.2021 11:00:00 +01:00,26210.56,21129.71
29.11.2021 12:00:00 +01:00,26435.97,20951.50
29.11.2021 13:00:00 +01:00,26254.09,20918.94
29.11.2021 14:00:00 +01:00,26302.76,20960.07
29.11.2021 15:00:00 +01:00,26395.33,21124.76
29.11.2021 16:00:00 +01:00,26420.82,21246.65
29.11.2021 17:00:00 +01:00,26228.57,20903.98
29.11.2021 18:00:00 +01:00,26312.25,20658.77
29.11.2021 19:00:00 +01:00,26391.09,20495.39
29.11.2021 20:00:00 +01:00,25626.55,20239.05
29.11.2021 21:00:00 +01:00,25599.57,19928.30
29.11.2021 22:00:00 +01:00,25334.29,19486.04
29.11.2021 23:00:00 +01:00,22570.25,18894.24
30.11.2021 00:00:00 +01:00,19766.04,18344.07
30.11.2021 01:00:00 +01:00,18130.60,17959.54
30.11.2021 02:00:00 +01:00,16691.73,17839.89
30.11.2021 03:00:00 +01:00,16484.77,17754.58
30.11.2021 04:00:00 +01:00,16917.60,17842.88
30.11.2021 05:00:00 +01:00,17996.43,18244.61
30.11.2021 06:00:00 +01:00,20331.35,19376.16
30.11.2021 07:00:00 +01:00,22758.28,20620.89
30.11.2021 08:00:00 +01:00,23404.14,20982.13
30.11.2021 09:00:00 +01:00,23084.82,20819.89
30.11.2021 10:00:00 +01:00,22578.10,20328.51
30.11.2021 11:00:00 +01:00,22313.12,20426.71
30.11.2021 12:00:00 +01:00,22079.94,20414.67
30.11.2021 13:00:00 +01:00,21822.36,20446.76
30.11.2021 14:00:00 +01:00,21581.64,20475.82
30.11.2021 15:00:00 +01:00,22302.39,20659.73
30.11.2021 16:00:00 +01:00,23476.68,20888.19
30.11.2021 17:00:00 +01:00,24076.32,20805.17
30.11.2021 18:00:00 +01:00,25032.61,20454.72
30.11.2021 19:00:00 +01:00,24974.18,20311.56
30.11.2021 20:00:00 +01:00,25212.94,20158.64
30.11.2021 21:00:00 +01:00,25235.00,19846.68
30.11.2021 22:00:00 +01:00,24434.67,19393.02
30.11.2021 23:00:00 +01:00,21955.82,18861.93
01.12.2021 00:00:00 +01:00,19821.31,18387.20
01.12.2021 01:00:00 +01:00,17997.04,18109.37
01.12.2021 02:00:00 +01:00,17068.05,17950.62
01.12.2021 03:00:00 +01:00,16403.99,17889.94
01.12.2021 04:00:00 +01:00,16776.26,18065.37
01.12.2021 05:00:00 +01:00,18162.62,18538.40
01.12.2021 06:00:00 +01:00,20833.19,19730.42
01.12.2021 07:00:00 +01:00,22940.74,21153.04
01.12.2021 08:00:00 +01:00,23166.57,21546.21
01.12.2021 09:00:00 +01:00,23201.46,21418.00
01.12.2021 10:00:00 +01:00,23309.36,21443.85
01.12.2021 11:00:00 +01:00,22875.75,21363.55
01.12.2021 12:00:00 +01:00,22860.50,21304.15
01.12.2021 13:00:00 +01:00,22554.51,21335.06
01.12.2021 14:00:00 +01:00,22235.86,21348.45
01.12.2021 15:00:00 +01:00,22484.39,21500.63
01.12.2021 16:00:00 +01:00,22866.07,21684.07
01.12.2021 17:00:00 +01:00,22445.75,21516.67
01.12.2021 18:00:00 +01:00,22011.23,21250.41
01.12.2021 19:00:00 +01:00,21476.62,20992.79
01.12.2021 20:00:00 +01:00,21437.06,20711.93
01.12.2021 21:00:00 +01:00,20735.29,20449.05
01.12.2021 22:00:00 +01:00,19954.09,19939.72
01.12.2021 23:00:00 +01:00,19133.86,19305.81
02.12.2021 00:00:00 +01:00,18557.71,18759.50
02.12.2021 01:00:00 +01:00,18172.14,18423.03
02.12.2021 02:00:00 +01:00,17511.05,18267.73
02.12.2021 03:00:00 +01:00,17852.16,18224.85
02.12.2021 04:00:00 +01:00,18311.96,18286.48
02.12.2021 05:00:00 +01:00,18644.74,18657.74
02.12.2021 06:00:00 +01:00,22129.77,19767.12
02.12.2021 07:00:00 +01:00,24714.96,21207.56
02.12.2021 08:00:00 +01:00,25535.99,21660.31
02.12.2021 09:00:00 +01:00,26030.13,21602.55
02.12.2021 10:00:00 +01:00,26085.65,20691.00
02.12.2021 11:00:00 +01:00,26339.87,21262.52
02.12.2021 12:00:00 +01:00,26456.64,21042.28
02.12.2021 13:00:00 +01:00,26484.93,20896.29
02.12.2021 14:00:00 +01:00,26589.06,20880.15
02.12.2021 15:00:00 +01:00,26327.36,20994.68
02.12.2021 16:00:00 +01:00,26121.09,21150.82
02.12.2021 17:00:00 +01:00,26014.09,21011.13
02.12.2021 18:00:00 +01:00,25832.61,20828.22
02.12.2021 19:00:00 +01:00,25738.55,20660.16
02.12.2021 20:00:00 +01:00,25310.73,20402.80
02.12.2021 21:00:00 +01:00,24928.64,20183.97
02.12.2021 22:00:00 +01:00,23646.18,19772.57
02.12.2021 23:00:00 +01:00,21816.21,19202.02
03.12.2021 00:00:00 +01:00,21662.47,18719.44
03.12.2021 01:00:00 +01:00,20818.15,18460.85
03.12.2021 02:00:00 +01:00,20264.01,18353.79
03.12.2021 03:00:00 +01:00,20004.77,18321.71
03.12.2021 04:00:00 +01:00,20544.20,18414.26
03.12.2021 05:00:00 +01:00,21971.76,18786.42
03.12.2021 06:00:00 +01:00,24311.92,19849.19
03.12.2021 07:00:00 +01:00,25963.26,21247.66
03.12.2021 08:00:00 +01:00,26235.50,21822.48
03.12.2021 09:00:00 +01:00,26462.20,21824.66
03.12.2021 10:00:00 +01:00,26490.65,21752.58
03.12.2021 11:00:00 +01:00,26268.79,21717.72
03.12.2021 12:00:00 +01:00,25559.64,21633.04
03.12.2021 13:00:00 +01:00,25428.31,21570.02
03.12.2021 14:00:00 +01:00,25586.99,21554.33
03.12.2021 15:00:00 +01:00,26533.47,21660.24
03.12.2021 16:00:00 +01:00,27158.12,21709.03
03.12.2021 17:00:00 +01:00,27037.43,21493.40
03.12.2021 18:00:00 +01:00,25823.19,21227.97
03.12.2021 19:00:00 +01:00,24417.34,20972.11
03.12.2021 20:00:00 +01:00,22358.45,20383.53
03.12.2021 21:00:00 +01:00,21466.75,20135.38
03.12.2021 22:00:00 +01:00,22022.85,19629.45
03.12.2021 23:00:00 +01:00,20906.99,19180.37
04.12.2021 00:00:00 +01:00,20990.21,18654.36
04.12.2021 01:00:00 +01:00,20994.96,18232.24
04.12.2021 02:00:00 +01:00,21450.79,17988.72
04.12.2021 03:00:00 +01:00,22035.94,17844.64
04.12.2021 04:00:00 +01:00,22545.10,17801.84
04.12.2021 05:00:00 +01:00,22808.87,17832.31
04.12.2021 06:00:00 +01:00,23355.26,18181.72
04.12.2021 07:00:00 +01:00,24388.03,18604.87
04.12.2021 08:00:00 +01:00,25723.91,19160.86
04.12.2021 09:00:00 +01:00,26454.43,19692.90
04.12.2021 10:00:00 +01:00,26837.55,20018.71
04.12.2021 11:00:00 +01:00,26928.72,20094.79
04.12.2021 12:00:00 +01:00,26760.51,20102.68
04.12.2021 13:00:00 +01:00,26557.32,20001.43
04.12.2021 14:00:00 +01:00,26483.18,19915.82
04.12.2021 15:00:00 +01:00,26616.79,20067.40
04.12.2021 16:00:00 +01:00,26569.25,20273.25
04.12.2021 17:00:00 +01:00,26374.13,20336.54
04.12.2021 18:00:00 +01:00,26026.45,20172.72
04.12.2021 19:00:00 +01:00,25860.33,19853.98
04.12.2021 20:00:00 +01:00,25157.88,19399.95
04.12.2021 21:00:00 +01:00,23944.63,19068.42
04.12.2021 22:00:00 +01:00,22428.35,18742.98
04.12.2021 23:00:00 +01:00,20677.30,18364.27
05.12.2021 00:00:00 +01:00,19254.31,18021.33
05.12.2021 01:00:00 +01:00,18239.12,17787.18
05.12.2021 02:00:00 +01:00,17806.37,17622.75
05.12.2021 03:00:00 +01:00,17826.29,17499.38
05.12.2021 04:00:00 +01:00,18149.70,17461.00
05.12.2021 05:00:00 +01:00,18422.60,17522.65
05.12.2021 06:00:00 +01:00,18515.85,17752.23
05.12.2021 07:00:00 +01:00,19117.56,18143.80
05.12.2021 08:00:00 +01:00,20306.61,18657.47
05.12.2021 09:00:00 +01:00,22311.36,19083.86
05.12.2021 10:00:00 +01:00,23587.05,19446.16
05.12.2021 11:00:00 +01:00,24076.66,19661.77
05.12.2021 12:00:00 +01:00,24548.65,19737.54
05.12.2021 13:00:00 +01:00,24762.08,19817.42
05.12.2021 14:00:00 +01:00,24946.31,19950.81
05.12.2021 15:00:00 +01:00,25352.38,20174.97
05.12.2021 16:00:00 +01:00,25834.30,20317.72
05.12.2021 17:00:00 +01:00,25844.80,20314.47
05.12.2021 18:00:00 +01:00,25761.90,20253.11
05.12.2021 19:00:00 +01:00,25917.77,20108.84
05.12.2021 20:00:00 +01:00,25952.67,20021.91
05.12.2021 21:00:00 +01:00,25815.18,19834.72
05.12.2021 22:00:00 +01:00,25326.79,19528.02
05.12.2021 23:00:00 +01:00,24399.59,19018.46
06.12.2021 00:00:00 +01:00,23679.94,18595.08
06.12.2021 01:00:00 +01:00,23283.50,18340.18
06.12.2021 02:00:00 +01:00,23125.77,18254.09
06.12.2021 03:00:00 +01:00,23165.14,18261.94
06.12.2021 04:00:00 +01:00,24116.12,18348.90
06.12.2021 05:00:00 +01:00,25020.87,18772.52
06.12.2021 06:00:00 +01:00,25875.73,20033.34
06.12.2021 07:00:00 +01:00,26776.96,21489.74
06.12.2021 08:00:00 +01:00,27289.28,22028.17
06.12.2021 09:00:00 +01:00,27455.48,21880.37
06.12.2021 10:00:00 +01:00,27397.85,21844.06
06.12.2021 11:00:00 +01:00,27349.77,21888.65
06.12.2021 12:00:00 +01:00,27150.93,21908.62
06.12.2021 13:00:00 +01:00,26731.13,21854.30
06.12.2021 14:00:00 +01:00,26843.53,21914.70
06.12.2021 15:00:00 +01:00,27318.40,22051.56
06.12.2021 16:00:00 +01:00,27599.40,22166.53
06.12.2021 17:00:00 +01:00,27177.45,21873.22
06.12.2021 18:00:00 +01:00,27201.92,21551.91
06.12.2021 19:00:00 +01:00,26801.27,21324.50
06.12.2021 20:00:00 +01:00,26346.20,21119.92
06.12.2021 21:00:00 +01:00,26224.37,20786.62
06.12.2021 22:00:00 +01:00,25591.68,20181.35
06.12.2021 23:00:00 +01:00,24174.60,19504.06
07.12.2021 00:00:00 +01:00,23065.59,18884.53
07.12.2021 01:00:00 +01:00,22145.86,18561.36
07.12.2021 02:00:00 +01:00,21217.80,18458.88
07.12.2021 03:00:00 +01:00,21324.56,18401.87
07.12.2021 04:00:00 +01:00,22728.86,18503.31
07.12.2021 05:00:00 +01:00,23352.11,18898.64
07.12.2021 06:00:00 +01:00,25170.68,19998.39
07.12.2021 07:00:00 +01:00,27334.58,21371.67
07.12.2021 08:00:00 +01:00,27477.70,21645.43
07.12.2021 09:00:00 +01:00,27455.11,21553.68
07.12.2021 10:00:00 +01:00,27758.21,20701.21
07.12.2021 11:00:00 +01:00,28008.28,21498.06
07.12.2021 12:00:00 +01:00,27855.76,21448.88
07.12.2021 13:00:00 +01:00,27619.54,21495.78
07.12.2021 14:00:00 +01:00,27491.60,21576.78
07.12.2021 15:00:00 +01:00,27334.30,21745.25
07.12.2021 16:00:00 +01:00,27016.84,21828.27
07.12.2021 17:00:00 +01:00,26695.94,21383.66
07.12.2021 18:00:00 +01:00,26829.14,21117.19
07.12.2021 19:00:00 +01:00,26781.38,20891.31
07.12.2021 20:00:00 +01:00,26379.71,20774.77
07.12.2021 21:00:00 +01:00,24864.80,20474.08
07.12.2021 22:00:00 +01:00,21685.36,19904.12
07.12.2021 23:00:00 +01:00,19237.66,19166.23
08.12.2021 00:00:00 +01:00,18636.16,18576.65
08.12.2021 01:00:00 +01:00,17298.75,18155.98
08.12.2021 02:00:00 +01:00,17287.06,18010.74
08.12.2021 03:00:00 +01:00,17546.02,17973.07
08.12.2021 04:00:00 +01:00,16935.71,18067.07
08.12.2021 05:00:00 +01:00,18258.36,18346.00
08.12.2021 06:00:00 +01:00,21037.68,19447.73
08.12.2021 07:00:00 +01:00,23909.84,20762.62
08.12.2021 08:00:00 +01:00,24880.32,21179.16
08.12.2021 09:00:00 +01:00,25208.59,21136.17
08.12.2021 10:00:00 +01:00,25324.17,21059.08
08.12.2021 11:00:00 +01:00,25912.82,21009.83
08.12.2021 12:00:00 +01:00,26229.58,21005.77
08.12.2021 13:00:00 +01:00,26416.11,20928.08
08.12.2021 14:00:00 +01:00,26341.94,20962.71
08.12.2021 15:00:00 +01:00,26462.54,21150.71
08.12.2021 16:00:00 +01:00,26564.71,21236.49
08.12.2021 17:00:00 +01:00,26567.54,20958.83
08.12.2021 18:00:00 +01:00,26444.41,20673.26
08.12.2021 19:00:00 +01:00,26018.85,20409.99
08.12.2021 20:00:00 +01:00,25481.14,20180.61
08.12.2021 21:00:00 +01:00,25062.72,19847.79
08.12.2021 22:00:00 +01:00,23894.38,19314.15
08.12.2021 23:00:00 +01:00,22201.01,18701.29
09.12.2021 00:00:00 +01:00,20713.48,18149.56
09.12.2021 01:00:00 +01:00,20392.35,17773.06
09.12.2021 02:00:00 +01:00,19934.17,17573.51
09.12.2021 03:00:00 +01:00,20200.53,17485.85
09.12.2021 04:00:00 +01:00,20948.95,17541.12
09.12.2021 05:00:00 +01:00,22159.74,17882.75
09.12.2021 06:00:00 +01:00,24732.58,18940.16
09.12.2021 07:00:00 +01:00,25731.80,20227.45
09.12.2021 08:00:00 +01:00,25406.81,20656.21
09.12.2021 09:00:00 +01:00,25274.57,20565.07
09.12.2021 10:00:00 +01:00,25498.30,19807.59
09.12.2021 11:00:00 +01:00,25631.53,20441.57
09.12.2021 12:00:00 +01:00,25837.07,20310.02
09.12.2021 13:00:00 +01:00,26049.05,20283.71
09.12.2021 14:00:00 +01:00,25922.36,20323.82
09.12.2021 15:00:00 +01:00,25686.65,20449.60
09.12.2021 16:00:00 +01:00,25589.90,20511.39
09.12.2021 17:00:00 +01:00,25618.94,20291.45
09.12.2021 18:00:00 +01:00,25311.82,20058.32
09.12.2021 19:00:00 +01:00,25206.52,19859.03
09.12.2021 20:00:00 +01:00,24741.64,19565.75
09.12.2021 21:00:00 +01:00,24811.17,19295.32
09.12.2021 22:00:00 +01:00,24541.29,18753.69
09.12.2021 23:00:00 +01:00,22961.43,18152.98
10.12.2021 00:00:00 +01:00,22773.26,17561.69
10.12.2021 01:00:00 +01:00,22620.16,17182.33
10.12.2021 02:00:00 +01:00,22459.78,17040.53
10.12.2021 03:00:00 +01:00,22571.30,16954.34
10.12.2021 04:00:00 +01:00,22742.68,16997.66
10.12.2021 05:00:00 +01:00,23494.28,17380.75
10.12.2021 06:00:00 +01:00,24590.64,18486.71
10.12.2021 07:00:00 +01:00,25951.79,19728.02
10.12.2021 08:00:00 +01:00,26207.05,20166.60
10.12.2021 09:00:00 +01:00,26160.20,20118.78
10.12.2021 10:00:00 +01:00,26255.89,19959.42
10.12.2021 11:00:00 +01:00,25999.78,19774.20
10.12.2021 12:00:00 +01:00,25880.49,19762.66
10.12.2021 13:00:00 +01:00,25710.02,19713.66
10.12.2021 14:00:00 +01:00,25794.70,19675.24
10.12.2021 15:00:00 +01:00,25773.29,19874.73
10.12.2021 16:00:00 +01:00,25777.21,19939.70
10.12.2021 17:00:00 +01:00,25549.44,19790.06
10.12.2021 18:00:00 +01:00,25471.25,19538.13
10.12.2021 19:00:00 +01:00,25299.85,19270.64
10.12.2021 20:00:00 +01:00,24955.02,18989.40
10.12.2021 21:00:00 +01:00,24802.80,18556.15
10.12.2021 22:00:00 +01:00,24364.33,18062.28
10.12.2021 23:00:00 +01:00,23657.26,17520.37
11.12.2021 00:00:00 +01:00,23464.52,17220.40
11.12.2021 01:00:00 +01:00,23363.05,16934.52
11.12.2021 02:00:00 +01:00,23053.30,16668.75
11.12.2021 03:00:00 +01:00,22974.43,16507.41
11.12.2021 04:00:00 +01:00,22816.95,16553.70
11.12.2021 05:00:00 +01:00,22970.88,16603.63
11.12.2021 06:00:00 +01:00,23678.04,16847.49
11.12.2021 07:00:00 +01:00,24368.73,17283.81
11.12.2021 08:00:00 +01:00,25465.61,17873.57
11.12.2021 09:00:00 +01:00,25686.63,18371.41
11.12.2021 10:00:00 +01:00,25802.30,18612.47
11.12.2021 11:00:00 +01:00,25861.50,18676.71
11.12.2021 12:00:00 +01:00,25659.79,18631.55
11.12.2021 13:00:00 +01:00,25034.96,18642.38
11.12.2021 14:00:00 +01:00,25396.82,18625.14
11.12.2021 15:00:00 +01:00,26026.19,18664.31
11.12.2021 16:00:00 +01:00,26351.90,18746.96
11.12.2021 17:00:00 +01:00,26468.52,18686.01
11.12.2021 18:00:00 +01:00,26270.77,18565.37
11.12.2021 19:00:00 +01:00,25790.31,18454.09
11.12.2021 20:00:00 +01:00,25015.83,17981.36
11.12.2021 21:00:00 +01:00,24681.28,17523.07
11.12.2021 22:00:00 +01:00,24032.00,17147.40
11.12.2021 23:00:00 +01:00,21694.25,16813.04
12.12.2021 00:00:00 +01:00,20346.47,16424.06
12.12.2021 01:00:00 +01:00,18650.86,16237.15
12.12.2021 02:00:00 +01:00,17207.99,16045.40
12.12.2021 03:00:00 +01:00,16292.51,15950.12
12.12.2021 04:00:00 +01:00,15906.27,15900.21
12.12.2021 05:00:00 +01:00,15504.35,15978.46
12.12.2021 06:00:00 +01:00,15297.01,16130.18
12.12.2021 07:00:00 +01:00,16980.79,16409.78
12.12.2021 08:00:00 +01:00,18806.23,16800.09
12.12.2021 09:00:00 +01:00,21698.91,17222.40
12.12.2021 10:00:00 +01:00,23090.28,17597.93
12.12.2021 11:00:00 +01:00,23673.23,17804.71
12.12.2021 12:00:00 +01:00,23362.03,17859.94
12.12.2021 13:00:00 +01:00,23324.71,18021.38
12.12.2021 14:00:00 +01:00,23801.50,18046.25
12.12.2021 15:00:00 +01:00,24321.98,18176.31
12.12.2021 16:00:00 +01:00,24842.62,18326.56
12.12.2021 17:00:00 +01:00,24947.74,18237.23
12.12.2021 18:00:00 +01:00,24889.12,18079.48
12.12.2021 19:00:00 +01:00,24911.82,17923.87
12.12.2021 20:00:00 +01:00,24612.07,17785.74
12.12.2021 21:00:00 +01:00,24243.91,17498.82
12.12.2021 22:00:00 +01:00,23531.90,17109.62
12.12.2021 23:00:00 +01:00,22384.61,16683.90
13.12.2021 00:00:00 +01:00,21526.82,16203.80
13.12.2021 01:00:00 +01:00,20738.68,15886.49
13.12.2021 02:00:00 +01:00,20298.56,15726.74
13.12.2021 03:00:00 +01:00,19895.61,15713.33
13.12.2021 04:00:00 +01:00,20460.69,15756.18
13.12.2021 05:00:00 +01:00,21689.36,16143.45
13.12.2021 06:00:00 +01:00,23489.68,17228.30
13.12.2021 07:00:00 +01:00,24627.87,18588.72
13.12.2021 08:00:00 +01:00,25452.66,19060.06
13.12.2021 09:00:00 +01:00,25495.83,18912.83
13.12.2021 10:00:00 +01:00,25510.17,18795.46
13.12.2021 11:00:00 +01:00,25634.98,18937.25
13.12.2021 12:00:00 +01:00,25518.19,18867.28
13.12.2021 13:00:00 +01:00,25418.46,18731.75
13.12.2021 14:00:00 +01:00,24982.12,18686.51
13.12.2021 15:00:00 +01:00,24903.40,18876.95
13.12.2021 16:00:00 +01:00,24905.57,18940.38
13.12.2021 17:00:00 +01:00,24381.41,18687.08
13.12.2021 18:00:00 +01:00,24451.23,18362.46
13.12.2021 19:00:00 +01:00,24400.72,18232.26
13.12.2021 20:00:00 +01:00,23231.95,17880.84
13.12.2021 21:00:00 +01:00,22800.48,17594.59
13.12.2021 22:00:00 +01:00,21691.89,17128.19
13.12.2021 23:00:00 +01:00,20468.58,16550.45
14.12.2021 00:00:00 +01:00,19426.68,15997.87
14.12.2021 01:00:00 +01:00,19054.81,15709.18
14.12.2021 02:00:00 +01:00,19054.58,15636.28
14.12.2021 03:00:00 +01:00,18826.39,15559.74
14.12.2021 04:00:00 +01:00,18869.59,15602.87
14.12.2021 05:00:00 +01:00,20009.05,15994.52
14.12.2021 06:00:00 +01:00,22430.08,17108.52
14.12.2021 07:00:00 +01:00,24799.39,18321.15
14.12.2021 08:00:00 +01:00,25211.30,18757.27
14.12.2021 09:00:00 +01:00,25289.33,18749.41
14.12.2021 10:00:00 +01:00,25233.32,17917.60
14.12.2021 11:00:00 +01:00,24678.41,18697.59
14.12.2021 12:00:00 +01:00,24717.77,18613.81
14.12.2021 13:00:00 +01:00,24644.24,18592.51
14.12.2021 14:00:00 +01:00,24811.02,18637.21
14.12.2021 15:00:00 +01:00,24705.08,18789.89
14.12.2021 16:00:00 +01:00,24790.82,18834.80
14.12.2021 17:00:00 +01:00,25132.93,18610.38
14.12.2021 18:00:00 +01:00,24291.02,18449.53
14.12.2021 19:00:00 +01:00,23402.87,18229.80
14.12.2021 20:00:00 +01:00,21126.98,17939.94
14.12.2021 21:00:00 +01:00,20339.01,17544.37
14.12.2021 22:00:00 +01:00,18715.42,16971.79
14.12.2021 23:00:00 +01:00,17374.99,16395.16
15.12.2021 00:00:00 +01:00,17082.70,15851.94
15.12.2021 01:00:00 +01:00,16337.82,15501.34
15.12.2021 02:00:00 +01:00,16001.97,15356.46
15.12.2021 03:00:00 +01:00,15498.72,15244.68
15.12.2021 04:00:00 +01:00,15656.37,15229.81
15.12.2021 05:00:00 +01:00,16395.31,15539.21
15.12.2021 06:00:00 +01:00,17962.83,16514.39
15.12.2021 07:00:00 +01:00,19785.93,17754.10
15.12.2021 08:00:00 +01:00,20596.25,18268.26
15.12.2021 09:00:00 +01:00,20465.45,18289.01
15.12.2021 10:00:00 +01:00,20121.87,18265.66
15.12.2021 11:00:00 +01:00,19784.99,18173.69
15.12.2021 12:00:00 +01:00,19349.10,18122.55
15.12.2021 13:00:00 +01:00,19230.73,18097.11
15.12.2021 14:00:00 +01:00,19529.38,18167.73
15.12.2021 15:00:00 +01:00,20097.26,18332.78
15.12.2021 16:00:00 +01:00,20338.21,18578.97
15.12.2021 17:00:00 +01:00,20665.84,18344.95
15.12.2021 18:00:00 +01:00,20103.87,18106.21
15.12.2021 19:00:00 +01:00,19470.76,17961.78
15.12.2021 20:00:00 +01:00,18608.75,17863.18
15.12.2021 21:00:00 +01:00,18181.50,17498.84
15.12.2021 22:00:00 +01:00,17493.76,17044.11
15.12.2021 23:00:00 +01:00,16593.40,16535.32
16.12.2021 00:00:00 +01:00,15664.04,16057.40
16.12.2021 01:00:00 +01:00,15310.63,15660.36
16.12.2021 02:00:00 +01:00,15076.50,15485.43
16.12.2021 03:00:00 +01:00,15142.15,15405.62
16.12.2021 04:00:00 +01:00,15622.84,15457.28
16.12.2021 05:00:00 +01:00,16862.94,15795.05
16.12.2021 06:00:00 +01:00,18755.53,16726.43
16.12.2021 07:00:00 +01:00,21250.52,17875.66
16.12.2021 08:00:00 +01:00,22702.57,18442.99
16.12.2021 09:00:00 +01:00,23144.91,18415.85
16.12.2021 10:00:00 +01:00,22491.94,17920.84
16.12.2021 11:00:00 +01:00,22536.81,18202.65
16.12.2021 12:00:00 +01:00,21934.36,18134.56
16.12.2021 13:00:00 +01:00,21358.21,18015.92
16.12.2021 14:00:00 +01:00,21612.57,18092.23
16.12.2021 15:00:00 +01:00,22181.35,18284.12
16.12.2021 16:00:00 +01:00,22502.49,18519.34
16.12.2021 17:00:00 +01:00,22521.37,18453.78
16.12.2021 18:00:00 +01:00,22494.61,18250.80
16.12.2021 19:00:00 +01:00,21901.47,18150.61
16.12.2021 20:00:00 +01:00,21323.50,17987.85
16.12.2021 21:00:00 +01:00,21280.37,17758.56
16.12.2021 22:00:00 +01:00,20333.08,17302.02
16.12.2021 23:00:00 +01:00,18732.72,16796.17
17.12.2021 00:00:00 +01:00,17799.43,16314.71
17.12.2021 01:00:00 +01:00,16681.22,16007.51
17.12.2021 02:00:00 +01:00,16255.80,15779.28
17.12.2021 03:00:00 +01:00,16068.15,15684.38
17.12.2021 04:00:00 +01:00,16703.40,15695.56
17.12.2021 05:00:00 +01:00,18052.59,15991.13
17.12.2021 06:00:00 +01:00,20655.91,16965.81
17.12.2021 07:00:00 +01:00,22635.41,18211.10
17.12.2021 08:00:00 +01:00,23819.55,18774.72
17.12.2021 09:00:00 +01:00,23994.49,18838.76
17.12.2021 10:00:00 +01:00,24245.93,18675.87
17.12.2021 11:00:00 +01:00,24594.34,18490.66
17.12.2021 12:00:00 +01:00,24942.95,18306.18
17.12.2021 13:00:00 +01:00,25078.22,18116.83
17.12.2021 14:00:00 +01:00,25111.53,18187.37
17.12.2021 15:00:00 +01:00,25170.34,18331.55
17.12.2021 16:00:00 +01:00,25115.92,18516.20
17.12.2021 17:00:00 +01:00,24683.62,18380.83
17.12.2021 18:00:00 +01:00,24156.05,18115.69
17.12.2021 19:00:00 +01:00,24036.54,17914.11
17.12.2021 20:00:00 +01:00,22566.88,17612.78
17.12.2021 21:00:00 +01:00,21846.86,17196.17
17.12.2021 22:00:00 +01:00,20987.68,16785.91
17.12.2021 23:00:00 +01:00,20225.05,16369.42
18.12.2021 00:00:00 +01:00,20118.04,15842.20
18.12.2021 01:00:00 +01:00,19221.16,15532.84
18.12.2021 02:00:00 +01:00,19090.95,15264.22
18.12.2021 03:00:00 +01:00,18713.17,15132.30
18.12.2021 04:00:00 +01:00,18319.05,15097.25
18.12.2021 05:00:00 +01:00,18024.83,15113.33
18.12.2021 06:00:00 +01:00,18103.40,15412.19
18.12.2021 07:00:00 +01:00,18231.19,15775.52
18.12.2021 08:00:00 +01:00,19074.81,16368.72
18.12.2021 09:00:00 +01:00,20137.35,16906.10
18.12.2021 10:00:00 +01:00,20501.25,17227.07
18.12.2021 11:00:00 +01:00,20377.77,17103.95
18.12.2021 12:00:00 +01:00,19790.12,17051.68
18.12.2021 13:00:00 +01:00,19014.12,17014.30
18.12.2021 14:00:00 +01:00,18647.75,17030.51
18.12.2021 15:00:00 +01:00,18565.97,17137.45
18.12.2021 16:00:00 +01:00,18980.95,17370.13
18.12.2021 17:00:00 +01:00,18994.01,17413.44
18.12.2021 18:00:00 +01:00,18136.21,17315.39
18.12.2021 19:00:00 +01:00,17507.86,16994.94
18.12.2021 20:00:00 +01:00,16968.88,16691.33
18.12.2021 21:00:00 +01:00,16220.31,16352.44
18.12.2021 22:00:00 +01:00,15340.57,16102.78
18.12.2021 23:00:00 +01:00,14176.49,15794.92
19.12.2021 00:00:00 +01:00,12701.43,15515.24
19.12.2021 01:00:00 +01:00,12403.91,15248.36
19.12.2021 02:00:00 +01:00,12231.11,15054.01
19.12.2021 03:00:00 +01:00,12692.25,15006.31
19.12.2021 04:00:00 +01:00,12916.42,15010.32
19.12.2021 05:00:00 +01:00,13245.29,15082.87
19.12.2021 06:00:00 +01:00,13458.79,15299.47
19.12.2021 07:00:00 +01:00,14062.41,15557.77
19.12.2021 08:00:00 +01:00,15048.02,15988.50
19.12.2021 09:00:00 +01:00,15969.32,16509.26
19.12.2021 10:00:00 +01:00,16248.03,16912.55
19.12.2021 11:00:00 +01:00,16563.35,17062.12
19.12.2021 12:00:00 +01:00,15915.08,17102.00
19.12.2021 13:00:00 +01:00,16079.04,17147.42
19.12.2021 14:00:00 +01:00,16737.47,17344.68
19.12.2021 15:00:00 +01:00,17452.59,17614.48
19.12.2021 16:00:00 +01:00,18988.98,17971.37
19.12.2021 17:00:00 +01:00,20200.73,18003.19
19.12.2021 18:00:00 +01:00,20609.75,17899.53
19.12.2021 19:00:00 +01:00,20507.31,17712.26
19.12.2021 20:00:00 +01:00,20990.99,17645.91
19.12.2021 21:00:00 +01:00,20964.81,17401.52
19.12.2021 22:00:00 +01:00,20489.90,17114.52
19.12.2021 23:00:00 +01:00,19747.48,16706.48
20.12.2021 00:00:00 +01:00,18022.84,16217.15
20.12.2021 01:00:00 +01:00,17305.31,16114.79
20.12.2021 02:00:00 +01:00,16820.27,15957.14
20.12.2021 03:00:00 +01:00,16923.09,15960.04
20.12.2021 04:00:00 +01:00,18015.22,16079.66
20.12.2021 05:00:00 +01:00,19266.34,16483.54
20.12.2021 06:00:00 +01:00,23038.62,17452.38
20.12.2021 07:00:00 +01:00,25165.49,18605.88
20.12.2021 08:00:00 +01:00,25500.42,19276.00
20.12.2021 09:00:00 +01:00,25448.63,19411.71
20.12.2021 10:00:00 +01:00,25561.48,19382.92
20.12.2021 11:00:00 +01:00,25191.56,19206.34
20.12.2021 12:00:00 +01:00,24681.22,19087.90
20.12.2021 13:00:00 +01:00,24303.36,18864.43
20.12.2021 14:00:00 +01:00,24500.72,18971.34
20.12.2021 15:00:00 +01:00,24900.08,19195.38
20.12.2021 16:00:00 +01:00,25034.53,19348.92
20.12.2021 17:00:00 +01:00,24960.46,19116.52
20.12.2021 18:00:00 +01:00,24840.81,18980.50
20.12.2021 19:00:00 +01:00,24813.75,18817.48
20.12.2021 20:00:00 +01:00,24128.39,18691.25
20.12.2021 21:00:00 +01:00,24241.23,18469.89
20.12.2021 22:00:00 +01:00,23864.93,18117.56
20.12.2021 23:00:00 +01:00,23362.12,17745.46
21.12.2021 00:00:00 +01:00,22702.36,17292.27
21.12.2021 01:00:00 +01:00,22349.32,17039.87
21.12.2021 02:00:00 +01:00,22247.94,16830.88
21.12.2021 03:00:00 +01:00,22235.74,16779.06
21.12.2021 04:00:00 +01:00,23282.01,16841.24
21.12.2021 05:00:00 +01:00,24055.19,17120.28
21.12.2021 06:00:00 +01:00,25035.94,18121.62
21.12.2021 07:00:00 +01:00,25911.38,19200.37
21.12.2021 08:00:00 +01:00,26716.77,19780.79
21.12.2021 09:00:00 +01:00,26719.91,19769.23
21.12.2021 10:00:00 +01:00,26667.25,19426.31
21.12.2021 11:00:00 +01:00,26707.78,19774.17
21.12.2021 12:00:00 +01:00,26815.91,19769.58
21.12.2021 13:00:00 +01:00,26854.48,19685.75
21.12.2021 14:00:00 +01:00,26951.25,19720.50
21.12.2021 15:00:00 +01:00,27499.53,19837.15
21.12.2021 16:00:00 +01:00,27368.44,19798.32
21.12.2021 17:00:00 +01:00,27292.54,19440.68
21.12.2021 18:00:00 +01:00,27219.74,19176.12
21.12.2021 19:00:00 +01:00,27097.30,18965.26
21.12.2021 20:00:00 +01:00,26556.95,18796.48
21.12.2021 21:00:00 +01:00,26375.06,18541.52
21.12.2021 22:00:00 +01:00,25858.09,18215.47
21.12.2021 23:00:00 +01:00,25057.50,17747.89
22.12.2021 00:00:00 +01:00,24471.10,17369.85
22.12.2021 01:00:00 +01:00,24147.13,17077.23
22.12.2021 02:00:00 +01:00,23861.61,16863.25
22.12.2021 03:00:00 +01:00,23755.32,16752.37
22.12.2021 04:00:00 +01:00,23914.60,16707.13
22.12.2021 05:00:00 +01:00,24398.10,16975.17
22.12.2021 06:00:00 +01:00,24844.43,17909.90
22.12.2021 07:00:00 +01:00,25440.59,18950.15
22.12.2021 08:00:00 +01:00,25868.67,19399.30
22.12.2021 09:00:00 +01:00,25882.84,19452.12
22.12.2021 10:00:00 +01:00,25673.78,19667.83
22.12.2021 11:00:00 +01:00,25447.09,19722.11
22.12.2021 12:00:00 +01:00,25452.60,19678.32
22.12.2021 13:00:00 +01:00,25334.66,19638.20
22.12.2021 14:00:00 +01:00,25011.89,19663.77
22.12.2021 15:00:00 +01:00,25651.54,19723.96
22.12.2021 16:00:00 +01:00,25839.23,19707.44
22.12.2021 17:00:00 +01:00,25909.90,19451.68
22.12.2021 18:00:00 +01:00,25975.67,19254.74
22.12.2021 19:00:00 +01:00,25569.81,19070.02
22.12.2021 20:00:00 +01:00,25034.17,18794.66
22.12.2021 21:00:00 +01:00,24249.56,18474.71
22.12.2021 22:00:00 +01:00,23781.34,18109.92
22.12.2021 23:00:00 +01:00,22553.41,17803.16
23.12.2021 00:00:00 +01:00,21453.41,17229.50
23.12.2021 01:00:00 +01:00,20619.74,16890.52
23.12.2021 02:00:00 +01:00,20334.35,16683.27
23.12.2021 03:00:00 +01:00,20051.04,16572.57
23.12.2021 04:00:00 +01:00,20121.47,16555.60
23.12.2021 05:00:00 +01:00,19951.92,16783.49
23.12.2021 06:00:00 +01:00,21472.99,17505.26
23.12.2021 07:00:00 +01:00,23853.14,18429.33
23.12.2021 08:00:00 +01:00,24691.26,19099.34
23.12.2021 09:00:00 +01:00,25276.20,19394.64
23.12.2021 10:00:00 +01:00,25505.14,19575.70
23.12.2021 11:00:00 +01:00,25383.99,19551.83
23.12.2021 12:00:00 +01:00,25493.92,19528.84
23.12.2021 13:00:00 +01:00,25272.47,19526.85
23.12.2021 14:00:00 +01:00,25122.12,19520.98
23.12.2021 15:00:00 +01:00,25411.20,19581.41
23.12.2021 16:00:00 +01:00,25624.40,19640.68
23.12.2021 17:00:00 +01:00,25233.55,19499.05
23.12.2021 18:00:00 +01:00,24049.44,19288.73
23.12.2021 19:00:00 +01:00,22419.95,19124.88
23.12.2021 20:00:00 +01:00,19901.29,18907.94
23.12.2021 21:00:00 +01:00,17809.15,18581.87
23.12.2021 22:00:00 +01:00,16826.57,18293.04
23.12.2021 23:00:00 +01:00,15185.22,18002.83
24.12.2021 00:00:00 +01:00,15054.55,17589.87
24.12.2021 01:00:00 +01:00,14404.81,17205.30
24.12.2021 02:00:00 +01:00,13978.32,16955.64
24.12.2021 03:00:00 +01:00,13830.34,16880.11
24.12.2021 04:00:00 +01:00,14195.27,16928.89
24.12.2021 05:00:00 +01:00,14842.33,17193.42
24.12.2021 06:00:00 +01:00,15416.27,17806.61
24.12.2021 07:00:00 +01:00,16274.06,18507.85
24.12.2021 08:00:00 +01:00,18231.22,19043.82
24.12.2021 09:00:00 +01:00,19272.86,19654.46
24.12.2021 10:00:00 +01:00,19680.44,20050.98
24.12.2021 11:00:00 +01:00,19806.37,20034.42
24.12.2021 12:00:00 +01:00,19145.70,19866.71
24.12.2021 13:00:00 +01:00,18895.95,19847.90
24.12.2021 14:00:00 +01:00,19013.76,20009.58
24.12.2021 15:00:00 +01:00,19769.86,20358.85
24.12.2021 16:00:00 +01:00,20983.04,20533.78
24.12.2021 17:00:00 +01:00,20557.88,19668.99
24.12.2021 18:00:00 +01:00,20051.05,18989.95
24.12.2021 19:00:00 +01:00,19888.45,18564.38
24.12.2021 20:00:00 +01:00,19980.85,18192.95
24.12.2021 21:00:00 +01:00,20553.27,18050.65
24.12.2021 22:00:00 +01:00,20597.17,18060.84
24.12.2021 23:00:00 +01:00,20384.30,18058.12
25.12.2021 00:00:00 +01:00,19364.63,17844.12
25.12.2021 01:00:00 +01:00,17798.92,17664.31
25.12.2021 02:00:00 +01:00,16661.10,17431.65
25.12.2021 03:00:00 +01:00,15179.83,17289.61
25.12.2021 04:00:00 +01:00,13962.91,17220.27
25.12.2021 05:00:00 +01:00,14112.57,17326.46
25.12.2021 06:00:00 +01:00,14268.71,17556.89
25.12.2021 07:00:00 +01:00,15406.63,17779.77
25.12.2021 08:00:00 +01:00,16470.52,18165.60
25.12.2021 09:00:00 +01:00,18400.00,18545.82
25.12.2021 10:00:00 +01:00,20213.27,18836.92
25.12.2021 11:00:00 +01:00,21005.93,18810.74
25.12.2021 12:00:00 +01:00,20477.22,18617.06
25.12.2021 13:00:00 +01:00,20388.16,18468.51
25.12.2021 14:00:00 +01:00,20187.09,18466.57
25.12.2021 15:00:00 +01:00,20739.64,18719.12
25.12.2021 16:00:00 +01:00,21839.78,18936.45
25.12.2021 17:00:00 +01:00,22020.49,18905.20
25.12.2021 18:00:00 +01:00,20859.76,18690.91
25.12.2021 19:00:00 +01:00,20253.98,18531.07
25.12.2021 20:00:00 +01:00,19996.41,18381.09
25.12.2021 21:00:00 +01:00,20076.18,18279.30
25.12.2021 22:00:00 +01:00,20069.39,18093.61
25.12.2021 23:00:00 +01:00,18505.92,17855.78
26.12.2021 00:00:00 +01:00,16851.71,17609.92
26.12.2021 01:00:00 +01:00,15917.39,17370.90
26.12.2021 02:00:00 +01:00,15323.02,17227.50
26.12.2021 03:00:00 +01:00,14450.91,17146.37
26.12.2021 04:00:00 +01:00,14008.00,17111.98
26.12.2021 05:00:00 +01:00,13812.29,17169.64
26.12.2021 06:00:00 +01:00,14185.13,17371.57
26.12.2021 07:00:00 +01:00,15576.49,17636.80
26.12.2021 08:00:00 +01:00,16938.45,18019.95
26.12.2021 09:00:00 +01:00,18191.31,18448.60
26.12.2021 10:00:00 +01:00,19156.22,18639.56
26.12.2021 11:00:00 +01:00,19454.18,18670.01
26.12.2021 12:00:00 +01:00,18944.31,18632.39
26.12.2021 13:00:00 +01:00,18434.81,18595.04
26.12.2021 14:00:00 +01:00,18579.18,18684.77
26.12.2021 15:00:00 +01:00,18799.87,18989.78
26.12.2021 16:00:00 +01:00,19388.10,19241.60
26.12.2021 17:00:00 +01:00,20844.14,19204.32
26.12.2021 18:00:00 +01:00,20622.43,19078.55
26.12.2021 19:00:00 +01:00,19639.28,18985.81
26.12.2021 20:00:00 +01:00,18805.61,18872.42
26.12.2021 21:00:00 +01:00,18357.27,18740.53
26.12.2021 22:00:00 +01:00,17859.94,18500.34
26.12.2021 23:00:00 +01:00,17075.58,18286.27
27.12.2021 00:00:00 +01:00,16995.65,18110.97
27.12.2021 01:00:00 +01:00,16554.75,17901.39
27.12.2021 02:00:00 +01:00,16785.02,17775.63
27.12.2021 03:00:00 +01:00,16348.62,17793.98
27.12.2021 04:00:00 +01:00,16226.69,17909.22
27.12.2021 05:00:00 +01:00,16255.96,18234.14
27.12.2021 06:00:00 +01:00,18077.71,18980.70
27.12.2021 07:00:00 +01:00,19661.73,19761.03
27.12.2021 08:00:00 +01:00,21021.54,20470.27
27.12.2021 09:00:00 +01:00,22915.23,20803.63
27.12.2021 10:00:00 +01:00,23192.99,21007.04
27.12.2021 11:00:00 +01:00,23441.34,21044.50
27.12.2021 12:00:00 +01:00,24086.27,20988.59
27.12.2021 13:00:00 +01:00,23655.43,20906.09
27.12.2021 14:00:00 +01:00,23230.38,20917.77
27.12.2021 15:00:00 +01:00,23129.63,21072.73
27.12.2021 16:00:00 +01:00,22811.54,21060.07
27.12.2021 17:00:00 +01:00,23850.76,20757.35
27.12.2021 18:00:00 +01:00,23468.35,20389.70
27.12.2021 19:00:00 +01:00,21446.40,20086.92
27.12.2021 20:00:00 +01:00,19451.34,19789.84
27.12.2021 21:00:00 +01:00,18221.67,19437.68
27.12.2021 22:00:00 +01:00,16938.35,19114.07
27.12.2021 23:00:00 +01:00,16368.35,18661.54
28.12.2021 00:00:00 +01:00,16304.86,18344.62
28.12.2021 01:00:00 +01:00,16025.07,17928.66
28.12.2021 02:00:00 +01:00,15607.96,17739.87
28.12.2021 03:00:00 +01:00,15227.99,17704.30
28.12.2021 04:00:00 +01:00,15299.96,17729.42
28.12.2021 05:00:00 +01:00,15757.66,18002.31
28.12.2021 06:00:00 +01:00,16390.07,18707.69
28.12.2021 07:00:00 +01:00,16779.33,19463.45
28.12.2021 08:00:00 +01:00,17091.77,19919.75
28.12.2021 09:00:00 +01:00,18027.14,20256.04
28.12.2021 10:00:00 +01:00,18613.78,19831.52
28.12.2021 11:00:00 +01:00,18599.51,20575.59
28.12.2021 12:00:00 +01:00,18692.50,20584.97
28.12.2021 13:00:00 +01:00,18425.39,20564.29
28.12.2021 14:00:00 +01:00,18782.06,20612.02
28.12.2021 15:00:00 +01:00,18828.33,20708.16
28.12.2021 16:00:00 +01:00,19353.31,20724.25
28.12.2021 17:00:00 +01:00,20421.98,20533.25
28.12.2021 18:00:00 +01:00,20216.44,20231.74
28.12.2021 19:00:00 +01:00,20182.78,19922.21
28.12.2021 20:00:00 +01:00,18698.01,19645.32
28.12.2021 21:00:00 +01:00,17795.81,19294.06
28.12.2021 22:00:00 +01:00,17045.32,18933.09
28.12.2021 23:00:00 +01:00,16295.39,18571.37
29.12.2021 00:00:00 +01:00,15924.33,18131.60
29.12.2021 01:00:00 +01:00,15980.12,17807.39
29.12.2021 02:00:00 +01:00,15883.36,17606.90
29.12.2021 03:00:00 +01:00,15770.40,17490.58
29.12.2021 04:00:00 +01:00,15811.63,17521.06
29.12.2021 05:00:00 +01:00,16413.91,17793.90
29.12.2021 06:00:00 +01:00,18627.45,18516.75
29.12.2021 07:00:00 +01:00,22810.62,19227.98
29.12.2021 08:00:00 +01:00,24889.77,19789.87
29.12.2021 09:00:00 +01:00,25585.28,20233.69
29.12.2021 10:00:00 +01:00,25809.56,20458.14
29.12.2021 11:00:00 +01:00,25948.71,20470.46
29.12.2021 12:00:00 +01:00,25840.85,20351.34
29.12.2021 13:00:00 +01:00,26017.75,20266.79
29.12.2021 14:00:00 +01:00,26067.02,20342.06
29.12.2021 15:00:00 +01:00,25882.75,20563.80
29.12.2021 16:00:00 +01:00,25920.70,20555.07
29.12.2021 17:00:00 +01:00,25790.93,20347.10
29.12.2021 18:00:00 +01:00,24491.92,19988.30
29.12.2021 19:00:00 +01:00,22307.75,19721.06
29.12.2021 20:00:00 +01:00,19495.94,19444.82
29.12.2021 21:00:00 +01:00,17594.31,19081.23
29.12.2021 22:00:00 +01:00,16487.07,18596.69
29.12.2021 23:00:00 +01:00,14985.50,18179.84
30.12.2021 00:00:00 +01:00,14098.37,17820.33
30.12.2021 01:00:00 +01:00,12831.68,17544.73
30.12.2021 02:00:00 +01:00,11844.10,17307.33
30.12.2021 03:00:00 +01:00,11653.42,17110.95
30.12.2021 04:00:00 +01:00,12282.42,17019.17
30.12.2021 05:00:00 +01:00,13110.69,17194.40
30.12.2021 06:00:00 +01:00,14827.55,17690.40
30.12.2021 07:00:00 +01:00,15512.94,18291.97
30.12.2021 08:00:00 +01:00,16090.07,18801.94
30.12.2021 09:00:00 +01:00,16502.53,19161.92
30.12.2021 10:00:00 +01:00,16798.68,19297.49
30.12.2021 11:00:00 +01:00,17006.03,19251.79
30.12.2021 12:00:00 +01:00,17322.13,19276.42
30.12.2021 13:00:00 +01:00,17321.44,19202.14
30.12.2021 14:00:00 +01:00,17005.03,19124.83
30.12.2021 15:00:00 +01:00,16718.54,19187.37
30.12.2021 16:00:00 +01:00,16590.38,19190.18
30.12.2021 17:00:00 +01:00,17245.31,18971.95
30.12.2021 18:00:00 +01:00,17393.84,18726.28
30.12.2021 19:00:00 +01:00,16919.51,18470.41
30.12.2021 20:00:00 +01:00,16132.36,18187.08
30.12.2021 21:00:00 +01:00,15603.54,17779.12
30.12.2021 22:00:00 +01:00,14980.30,17350.86
30.12.2021 23:00:00 +01:00,13874.06,17012.35
31.12.2021 00:00:00 +01:00,11954.27,16554.04
31.12.2021 01:00:00 +01:00,11919.51,16282.22
31.12.2021 02:00:00 +01:00,11268.11,16053.47
31.12.2021 03:00:00 +01:00,10804.66,15948.43
31.12.2021 04:00:00 +01:00,10665.25,15954.13
31.12.2021 05:00:00 +01:00,10830.96,16162.75
31.12.2021 06:00:00 +01:00,11318.77,16653.32
31.12.2021 07:00:00 +01:00,12533.98,17158.13
31.12.2021 08:00:00 +01:00,13697.51,17606.94
31.12.2021 09:00:00 +01:00,14614.08,18056.64
31.12.2021 10:00:00 +01:00,15630.50,18372.00
31.12.2021 11:00:00 +01:00,15958.86,18566.80
31.12.2021 12:00:00 +01:00,16363.65,18575.76
31.12.2021 13:00:00 +01:00,16255.40,18646.88
31.12.2021 14:00:00 +01:00,16473.73,18855.27
31.12.2021 15:00:00 +01:00,16967.99,19143.45
31.12.2021 16:00:00 +01:00,17476.04,19432.72
31.12.2021 17:00:00 +01:00,17830.53,19332.75
31.12.2021 18:00:00 +01:00,16916.60,18815.80
31.12.2021 19:00:00 +01:00,16232.91,18168.21
31.12.2021 20:00:00 +01:00,15417.29,17657.33
31.12.2021 21:00:00 +01:00,15045.27,17268.63
31.12.2021 22:00:00 +01:00,14853.14,16879.07
31.12.2021 23:00:00 +01:00,14158.67,16375.27
